# Created by Octave 6.3.0, Thu Sep 23 12:48:08 2021 GMT <unknown@DESKTOP-5PBJ4PD>
# name: w
# type: matrix
# rows: 197
# columns: 10
 -1.975e+05 -1.831e+05 -1.934e+05 -1.999e+05 -1.876e+05 -1.774e+05 -1.851e+05 -1.883e+05 -2.196e+05 -1.933e+05
 0 0 0 0 0 0 0 0 0 0
 0 0 0 0 0 0 0 0 0 0
 -1263 -996.4 -2466 -2612 -1049 1465 -844.1 -1344 -2237 -1581
 -2491 -7846 -4336 -5241 -3722 -2043 -2071 8929 -4736 -6080
 -3642 -1.119e+04 -3437 -9390 -3925 -6298 -5721 1.308e+04 -6357 -1.223e+04
 -1.271e+04 -1.755e+04 -1.156e+04 -1.292e+04 -5318 -1.647e+04 -1.145e+04 422.5 -6393 -2.545e+04
 -2.276e+04 -2.9e+04 -2.244e+04 -2.05e+04 -2.757e+04 -3.195e+04 -3.052e+04 -2.055e+04 -2.329e+04 -2.778e+04
 -4.384e+04 -4.549e+04 -4.616e+04 -4.201e+04 -5.115e+04 -4.809e+04 -4.614e+04 -5.842e+04 -4.072e+04 -2.376e+04
 -5.569e+04 -4.815e+04 -5.401e+04 -5.477e+04 -6.357e+04 -5.318e+04 -5.525e+04 -6.591e+04 -5.049e+04 -4.027e+04
 -5.707e+04 -4.943e+04 -4.82e+04 -5.263e+04 -6.402e+04 -5.958e+04 -5.218e+04 -5.671e+04 -5.489e+04 -4.291e+04
 -4.93e+04 -4.472e+04 -5.027e+04 -4.899e+04 -4.12e+04 -4.913e+04 -5.087e+04 -4.574e+04 -4.867e+04 -5.262e+04
 -2.691e+04 -1.693e+04 -3.076e+04 -3.14e+04 -2.121e+04 -1.709e+04 -2.417e+04 -1.75e+04 -2.929e+04 -2.761e+04
 -1.348e+04 -3939 -1.265e+04 -1.753e+04 -3797 7840 -1.465e+04 -1.026e+04 -1.157e+04 -9219
 -630 -420 -390 -880 -30 830 -670 -270 -510 -1030
 -31 -130.2 -570.4 -1240 -173.6 -198.4 -49.6 1240 -167.4 -1240
 -343.1 -1307 -578 -2291 635.4 -356.4 -404.1 1839 -510.1 -791.9
 -5710 -9311 -4226 -8288 -5425 -3978 -6062 6484 -1.052e+04 -8596
 -1.958e+04 -2.539e+04 -1.906e+04 -1.859e+04 -1.999e+04 -1.192e+04 -1.908e+04 1360 -1.597e+04 -2.873e+04
 -4.529e+04 -5.977e+04 -4.536e+04 -4.123e+04 -3.773e+04 -4.073e+04 -5.341e+04 -2.549e+04 -4.198e+04 -6.31e+04
 -7.455e+04 -9.128e+04 -7.706e+04 -7.143e+04 -7.351e+04 -7.34e+04 -7.843e+04 -4.931e+04 -7.713e+04 -7.859e+04
 -9.953e+04 -1.162e+05 -9.784e+04 -9.423e+04 -1.083e+05 -1.046e+05 -1.067e+05 -8.332e+04 -9.605e+04 -8.599e+04
 -1.16e+05 -1.288e+05 -1.137e+05 -1.137e+05 -1.379e+05 -1.222e+05 -1.214e+05 -1.048e+05 -1.079e+05 -9.252e+04
 -1.253e+05 -1.355e+05 -1.292e+05 -1.302e+05 -1.515e+05 -1.341e+05 -1.307e+05 -1.171e+05 -1.224e+05 -1.011e+05
 -1.311e+05 -1.325e+05 -1.337e+05 -1.347e+05 -1.49e+05 -1.289e+05 -1.378e+05 -1.202e+05 -1.244e+05 -1.143e+05
 -1.063e+05 -1.087e+05 -1.125e+05 -1.09e+05 -9.873e+04 -1.026e+05 -1.069e+05 -8.558e+04 -1.147e+05 -1.129e+05
 -7.229e+04 -6.414e+04 -7.626e+04 -6.795e+04 -6.076e+04 -5.494e+04 -7.33e+04 -5.727e+04 -7.711e+04 -7.654e+04
 -2.938e+04 -2.002e+04 -2.718e+04 -1.842e+04 -1.8e+04 2662 -2.933e+04 -2.194e+04 -2.948e+04 -2.521e+04
 -4597 -3024 -3983 -6890 -4342 7724 -4393 -1412 -3832 -5528
 -1251 -1352 -531.8 1624 -535.3 -1394 -258.2 -580.6 -619.1 -1182
 -4079 -3073 540.7 -2663 -1757 -3691 -4872 -1875 -3700 -3935
 -1.237e+04 -1.396e+04 -1.027e+04 -1.599e+04 -1.472e+04 -1.296e+04 -1.513e+04 -9095 -6970 -1.399e+04
 -3.652e+04 -3.956e+04 -3.518e+04 -3.318e+04 -3.729e+04 -2.844e+04 -3.897e+04 -2.102e+04 -2.89e+04 -4.609e+04
 -7.464e+04 -8.609e+04 -7.038e+04 -7.055e+04 -7.282e+04 -7.31e+04 -8.325e+04 -6.113e+04 -7.573e+04 -7.162e+04
 -8.833e+04 -1.074e+05 -8.801e+04 -9.005e+04 -9.504e+04 -9.224e+04 -9.539e+04 -8.535e+04 -8.885e+04 -8.105e+04
 -8.373e+04 -9.741e+04 -8.67e+04 -8.811e+04 -9.168e+04 -8.187e+04 -9.129e+04 -6.613e+04 -7.442e+04 -8.756e+04
 -7.512e+04 -7.58e+04 -7.448e+04 -7.558e+04 -8.972e+04 -7.447e+04 -8.038e+04 -6.087e+04 -7.94e+04 -7.984e+04
 -7.237e+04 -7.243e+04 -7.266e+04 -7.376e+04 -9.471e+04 -7.75e+04 -8.87e+04 -6.828e+04 -8.962e+04 -8.843e+04
 -1.029e+05 -1.105e+05 -1.125e+05 -1.171e+05 -1.163e+05 -1.14e+05 -1.238e+05 -1.106e+05 -1.078e+05 -1.114e+05
 -1.038e+05 -1.102e+05 -1.1e+05 -1.07e+05 -9.881e+04 -1.109e+05 -1.181e+05 -9.555e+04 -1.093e+05 -1.114e+05
 -6.122e+04 -6.292e+04 -6.755e+04 -4.772e+04 -6.063e+04 -5.661e+04 -6.461e+04 -4.935e+04 -5.299e+04 -5.837e+04
 -2.987e+04 -2.616e+04 -3.013e+04 -1.538e+04 -3.123e+04 -1.289e+04 -2.651e+04 -2.155e+04 -1.504e+04 -2.633e+04
 -1.095e+04 -6186 -7781 -4925 -6887 5692 -6362 -4724 -3544 -7590
 -304.7 -620.1 2594 -183.9 -2164 -521.6 -2386 -387 -2424 -623.9
 -2793 -2146 692.2 -2818 -3254 -2069 -4602 -2491 -2296 -1395
 -1.664e+04 -1.785e+04 -1.521e+04 -2.428e+04 -2.136e+04 -1.298e+04 -2.102e+04 -1.366e+04 -1.218e+04 -2.168e+04
 -4.808e+04 -5.446e+04 -4.262e+04 -6.23e+04 -5.442e+04 -4.569e+04 -5.893e+04 -4.776e+04 -4.868e+04 -4.12e+04
 -8.278e+04 -9.514e+04 -7.569e+04 -8.063e+04 -7.532e+04 -7.443e+04 -8.316e+04 -7.46e+04 -8.47e+04 -6.981e+04
 -7e+04 -8.373e+04 -6.779e+04 -7.341e+04 -6.515e+04 -6.902e+04 -7.671e+04 -6.452e+04 -6.596e+04 -7.238e+04
 -5.345e+04 -6.365e+04 -5.894e+04 -6.81e+04 -6.326e+04 -4.712e+04 -5.347e+04 -5.312e+04 -5.644e+04 -5.034e+04
 -3.378e+04 -4.627e+04 -4.518e+04 -5.345e+04 -5.836e+04 -3.08e+04 -5.53e+04 -4.732e+04 -6.661e+04 -4.465e+04
 -5.794e+04 -5.893e+04 -7.293e+04 -6.552e+04 -7.537e+04 -6.381e+04 -7.86e+04 -5.816e+04 -8.18e+04 -7.526e+04
 -1.095e+05 -1.101e+05 -1.194e+05 -1.201e+05 -1.117e+05 -1.14e+05 -1.266e+05 -1.065e+05 -1.165e+05 -1.13e+05
 -8.773e+04 -9.672e+04 -1.001e+05 -9.008e+04 -9.921e+04 -9.755e+04 -1.135e+05 -8.723e+04 -9.497e+04 -9.286e+04
 -4.687e+04 -5.403e+04 -5.379e+04 -3.979e+04 -5.003e+04 -5.304e+04 -5.76e+04 -5.387e+04 -3.819e+04 -4.501e+04
 -2.172e+04 -2.554e+04 -2.669e+04 -3454 -2.824e+04 -2.278e+04 -2.489e+04 -2.05e+04 -1.669e+04 -2.403e+04
 -6300 -9723 -4799 1510 -9208 -5585 -8907 -4732 -5195 -6778
 -1900 -1950 2300 -280 -1740 -1980 -570 -400 -1430 -630
 -1719 -4069 -405.5 -3587 -4282 -3414 -5242 -6462 -4532 -2093
 -2.195e+04 -2.227e+04 -2.662e+04 -3.044e+04 -2.68e+04 -1.192e+04 -2.34e+04 -2.687e+04 -1.669e+04 -1.643e+04
 -5.362e+04 -6.435e+04 -6.375e+04 -7.556e+04 -5.978e+04 -5.155e+04 -5.7e+04 -6.075e+04 -5.939e+04 -3.416e+04
 -6.901e+04 -8.564e+04 -7.611e+04 -8.204e+04 -5.99e+04 -6.702e+04 -7.712e+04 -7.564e+04 -6.959e+04 -6.616e+04
 -6.524e+04 -6.877e+04 -5.64e+04 -7.617e+04 -5.802e+04 -5.438e+04 -6.838e+04 -7.301e+04 -6.253e+04 -5.531e+04
 -5.252e+04 -6.433e+04 -5.985e+04 -6.742e+04 -5.708e+04 -4.177e+04 -5.684e+04 -6.52e+04 -5.177e+04 -4.52e+04
 -6.307e+04 -5.584e+04 -6.619e+04 -6.032e+04 -6.283e+04 -5.648e+04 -5.812e+04 -7.045e+04 -5.616e+04 -4.386e+04
 -9.236e+04 -7.393e+04 -9.143e+04 -8.111e+04 -8.642e+04 -1.132e+05 -9.665e+04 -9.167e+04 -1.026e+05 -8.573e+04
 -9.933e+04 -1.103e+05 -1.097e+05 -9.955e+04 -9.908e+04 -1.348e+05 -1.224e+05 -1.087e+05 -1.091e+05 -1.092e+05
 -5.32e+04 -6.768e+04 -6.726e+04 -6.943e+04 -7.003e+04 -7.995e+04 -8.166e+04 -6.961e+04 -6.627e+04 -5.638e+04
 -1.547e+04 -3.084e+04 -3.215e+04 -1.722e+04 -2.617e+04 -4.423e+04 -3.978e+04 -3.095e+04 -2.374e+04 -2.348e+04
 1541 -8934 -5698 737 -7838 -2.435e+04 -1.105e+04 -8712 -4908 -6708
 5202 -771.1 -527.1 -776.7 -614.8 -5683 -1118 -657.5 -805.5 -560.3
 -407.9 -422.4 449.3 -52.1 -387.9 -440.8 -121.1 -72.8 -256.8 -132.6
 -216.8 -6867 -5996 -8056 784.7 -5643 -3402 -7410 -3046 -7264
 -2.239e+04 -3.158e+04 -3.747e+04 -3.65e+04 -1.638e+04 -2.191e+04 -2.32e+04 -2.916e+04 -2.392e+04 -2.442e+04
 -5.165e+04 -6.141e+04 -6.924e+04 -6.843e+04 -4.595e+04 -4.639e+04 -5.333e+04 -6.78e+04 -5.179e+04 -4.301e+04
 -6.941e+04 -7.595e+04 -9.143e+04 -8.186e+04 -5.975e+04 -6.343e+04 -7.052e+04 -8.351e+04 -6.131e+04 -5.886e+04
 -6.285e+04 -7.109e+04 -7.526e+04 -7.297e+04 -5.338e+04 -6.347e+04 -6.634e+04 -8.225e+04 -5.991e+04 -5.812e+04
 -6.398e+04 -6.551e+04 -7.598e+04 -6.674e+04 -6.228e+04 -5.751e+04 -7.151e+04 -8.132e+04 -6.923e+04 -5.159e+04
 -1.061e+05 -8.282e+04 -9.84e+04 -9.108e+04 -9.567e+04 -9.973e+04 -1.04e+05 -1.051e+05 -9.591e+04 -8.386e+04
 -1.235e+05 -1.12e+05 -1.149e+05 -1.062e+05 -1.082e+05 -1.215e+05 -1.26e+05 -1.17e+05 -1.179e+05 -1.077e+05
 -8.901e+04 -8.241e+04 -8.535e+04 -7.686e+04 -8.616e+04 -9.467e+04 -9.62e+04 -8.322e+04 -8.813e+04 -7.756e+04
 -3.867e+04 -4.151e+04 -4.184e+04 -3.859e+04 -4.248e+04 -4.974e+04 -5.613e+04 -4.524e+04 -4.534e+04 -2.662e+04
 -3092 -1.834e+04 -1.247e+04 -1.572e+04 -1.124e+04 -2.911e+04 -3.077e+04 -1.921e+04 -1.885e+04 -1.396e+04
 6877 -5014 -2789 -7825 -5584 -1.596e+04 -7691 -5452 -1840 -3523
 4344 -316 -414.7 -886.1 -448.2 -4231 -837.9 -420.5 -572.9 -396.2
 1399 -738.6 -2985 -689.6 1074 -1612 -12.37 -830 -775.9 -779.6
 -3443 -8729 -1.474e+04 -1.483e+04 1575 -7291 -6745 -1.498e+04 -1.178e+04 -7734
 -1.366e+04 -2.149e+04 -3.509e+04 -3.363e+04 -1.089e+04 -1.536e+04 -1.978e+04 -2.799e+04 -2.688e+04 -2.276e+04
 -5.375e+04 -5.943e+04 -6.414e+04 -4.906e+04 -3.899e+04 -4.867e+04 -4.594e+04 -6.021e+04 -5.794e+04 -5.552e+04
 -6.896e+04 -7.768e+04 -8.641e+04 -8.13e+04 -6.342e+04 -5.84e+04 -7.802e+04 -8.099e+04 -7.629e+04 -7.99e+04
 -8.894e+04 -9.006e+04 -1.011e+05 -9.006e+04 -8.54e+04 -7.345e+04 -8.59e+04 -1.034e+05 -7.917e+04 -8.277e+04
 -1.181e+05 -9.969e+04 -1.075e+05 -9.086e+04 -1.014e+05 -9.512e+04 -1.113e+05 -1.14e+05 -9.535e+04 -1.019e+05
 -1.327e+05 -1.085e+05 -1.255e+05 -1.151e+05 -1.136e+05 -1.25e+05 -1.26e+05 -1.286e+05 -1.161e+05 -1.228e+05
 -1.121e+05 -9.624e+04 -1.113e+05 -9.525e+04 -9.845e+04 -1.006e+05 -1.086e+05 -1.101e+05 -9.893e+04 -1.016e+05
 -7.165e+04 -6.212e+04 -5.705e+04 -5.711e+04 -5.628e+04 -5.929e+04 -6.337e+04 -6.203e+04 -7.636e+04 -5.392e+04
 -3.805e+04 -3.605e+04 -3.004e+04 -3.814e+04 -2.741e+04 -3.208e+04 -4.304e+04 -3.112e+04 -4.445e+04 -3.746e+04
 -9107 -1.702e+04 -1.67e+04 -1.682e+04 -1.218e+04 -2.71e+04 -2.087e+04 -1.836e+04 -2.108e+04 -2.013e+04
 5991 -4313 -7521 -2364 -4701 -1.844e+04 -6291 -6002 -4256 -4379
 1171 -289.5 -901.6 -608.4 -349.8 -1034 -698.7 -620.5 -502.6 -446.2
 53.32 -2508 -5971 -2103 3929 -4259 718.4 -1392 -2703 -4377
 272.6 -1.074e+04 -1.813e+04 -1.369e+04 1623 -1.501e+04 -7721 -1.414e+04 -1.509e+04 -1.15e+04
 -1.543e+04 -2.141e+04 -2.105e+04 -2.657e+04 -9610 -2.834e+04 -2.076e+04 -2.145e+04 -3.39e+04 -2.611e+04
 -3.856e+04 -4.343e+04 -4.263e+04 -4.469e+04 -3.739e+04 -4.299e+04 -3.81e+04 -4.437e+04 -5.676e+04 -4.699e+04
 -6.968e+04 -7.991e+04 -6.85e+04 -7.109e+04 -5.956e+04 -6.672e+04 -5.937e+04 -7.47e+04 -6.209e+04 -7.107e+04
 -8.982e+04 -8.693e+04 -8.283e+04 -7.636e+04 -8.101e+04 -8.144e+04 -8.676e+04 -9.568e+04 -7.842e+04 -8.584e+04
 -1.181e+05 -1.027e+05 -1.076e+05 -1.023e+05 -1.066e+05 -1.09e+05 -1.132e+05 -1.149e+05 -9.425e+04 -1.149e+05
 -1.159e+05 -1.014e+05 -1.173e+05 -1.071e+05 -1.083e+05 -1.135e+05 -1.132e+05 -1.115e+05 -1.139e+05 -1.087e+05
 -8.728e+04 -6.835e+04 -8.417e+04 -7.17e+04 -7.327e+04 -8.184e+04 -7.867e+04 -8.464e+04 -7.551e+04 -7.387e+04
 -5.624e+04 -5.118e+04 -5.106e+04 -4.797e+04 -4.441e+04 -5.056e+04 -4.613e+04 -5.397e+04 -6.198e+04 -4.971e+04
 -4.151e+04 -4.074e+04 -4.133e+04 -3.287e+04 -3.911e+04 -3.787e+04 -3.57e+04 -3.949e+04 -5.126e+04 -4.578e+04
 -7455 -1.711e+04 -2.749e+04 -1.991e+04 -1.68e+04 -1.883e+04 -1.573e+04 -1.755e+04 -2.561e+04 -2.444e+04
 5165 -5732 -1.476e+04 -281.7 -2997 -1.68e+04 -3592 -7990 -5294 -5498
 -424.3 -545.3 -1636 1656 -304.9 -2322 -705.3 -947.3 -479.7 -734.5
 2266 -4265 -7769 -3188 -1954 -2579 -810.7 -3689 -2613 -2433
 1500 -1.37e+04 -1.07e+04 -1.61e+04 -7304 -2.349e+04 -9847 -1.386e+04 -1.497e+04 -1.295e+04
 -6853 -1.696e+04 -1.491e+04 -2.769e+04 -9775 -3.809e+04 -1.867e+04 -1.944e+04 -1.391e+04 -1.925e+04
 -2.652e+04 -4.266e+04 -3.623e+04 -5.447e+04 -2.77e+04 -5.943e+04 -2.782e+04 -3.978e+04 -2.705e+04 -4.17e+04
 -5.685e+04 -5.708e+04 -5.649e+04 -7.099e+04 -4.976e+04 -7.639e+04 -4.832e+04 -6.014e+04 -4.651e+04 -6.06e+04
 -7.106e+04 -6.783e+04 -6.845e+04 -7.604e+04 -6.769e+04 -8.95e+04 -7.504e+04 -7.272e+04 -6.046e+04 -8.21e+04
 -1.034e+05 -8.652e+04 -9.011e+04 -1.094e+05 -9.052e+04 -1.041e+05 -1.016e+05 -9.839e+04 -8.762e+04 -9.901e+04
 -9.736e+04 -8.588e+04 -7.373e+04 -9.543e+04 -7.629e+04 -8.976e+04 -7.82e+04 -8.571e+04 -8.268e+04 -8.821e+04
 -7.708e+04 -6.572e+04 -6.157e+04 -6.646e+04 -6.7e+04 -7.459e+04 -5.55e+04 -6.93e+04 -5.779e+04 -5.996e+04
 -5.424e+04 -5.817e+04 -5.443e+04 -4.658e+04 -5.019e+04 -5.581e+04 -5.482e+04 -5.39e+04 -5.325e+04 -6.198e+04
 -3.743e+04 -4.295e+04 -5.197e+04 -3.354e+04 -4.096e+04 -4.155e+04 -2.906e+04 -4.372e+04 -4.983e+04 -4.627e+04
 -1.483e+04 -1.846e+04 -3.158e+04 -1.753e+04 -2.348e+04 -2.088e+04 -1.243e+04 -2.287e+04 -2.616e+04 -2.668e+04
 -8040 -9498 -1.574e+04 -2625 -9128 -1.29e+04 406.8 -8421 -9047 -9176
 -3345 -4573 -511.6 -4897 -5231 -1626 -4015 -2919 -5382 -3732
 -1344 -7103 -5141 -7822 -8902 -2653 -4321 -5947 -6708 -6404
 -1.763e+04 -2.984e+04 -2.216e+04 -2.343e+04 -2.912e+04 -1.633e+04 -2.576e+04 -2.33e+04 -2.356e+04 -3.041e+04
 -2.699e+04 -3.752e+04 -2.177e+04 -4.263e+04 -3.594e+04 -4.805e+04 -3.625e+04 -3.632e+04 -2.473e+04 -4.251e+04
 -5.021e+04 -5.586e+04 -4.099e+04 -7.466e+04 -5.185e+04 -7.217e+04 -4.355e+04 -5.609e+04 -3.459e+04 -5.968e+04
 -6.52e+04 -6.122e+04 -5.642e+04 -8.207e+04 -6.159e+04 -8.195e+04 -5.688e+04 -6.196e+04 -4.807e+04 -7.666e+04
 -8.712e+04 -7.275e+04 -7.081e+04 -9.628e+04 -7.829e+04 -9.39e+04 -7.891e+04 -8.189e+04 -7.955e+04 -8.759e+04
 -9.434e+04 -8.712e+04 -7.92e+04 -1.001e+05 -8.164e+04 -8.587e+04 -7.491e+04 -8.332e+04 -9.117e+04 -8.302e+04
 -7.712e+04 -6.713e+04 -5.982e+04 -7.168e+04 -6.619e+04 -6.303e+04 -5.283e+04 -6.123e+04 -6.869e+04 -6.328e+04
 -5.477e+04 -6.469e+04 -4.874e+04 -5.796e+04 -5.313e+04 -6.376e+04 -5.274e+04 -5.808e+04 -5.511e+04 -5.281e+04
 -4.954e+04 -6.28e+04 -5.036e+04 -4.369e+04 -5.673e+04 -5.419e+04 -5.297e+04 -5.25e+04 -6.012e+04 -6.446e+04
 -4.474e+04 -4.852e+04 -3.694e+04 -2.821e+04 -5.096e+04 -4.687e+04 -3.819e+04 -4.68e+04 -5.582e+04 -4.999e+04
 -2.176e+04 -2.001e+04 -1.433e+04 -1.692e+04 -3.201e+04 -1.878e+04 -2.309e+04 -2.309e+04 -2.612e+04 -2.448e+04
 -1.069e+04 -1.161e+04 -6343 -2578 -1.401e+04 -1.037e+04 -3918 -1.143e+04 -1.622e+04 -9365
 -4135 -3989 -149.9 -3051 -1593 -513.2 117.9 -2856 -2800 -1472
 -1.207e+04 -1.226e+04 -9689 -6768 -1.346e+04 2032 -1.447e+04 -9715 -1.217e+04 -1.101e+04
 -3.543e+04 -4.123e+04 -2.839e+04 -2.594e+04 -4.356e+04 -2.043e+04 -3.513e+04 -3.399e+04 -2.939e+04 -4.142e+04
 -6.034e+04 -6.835e+04 -4.952e+04 -5.862e+04 -6.641e+04 -4.548e+04 -5.981e+04 -6.072e+04 -5.104e+04 -6.784e+04
 -7.007e+04 -8.088e+04 -7.407e+04 -8.362e+04 -8.349e+04 -5.8e+04 -6.419e+04 -7.086e+04 -6.848e+04 -8.795e+04
 -8.255e+04 -7.958e+04 -7.753e+04 -8.89e+04 -9.118e+04 -6.723e+04 -6.848e+04 -7.857e+04 -8.204e+04 -8.63e+04
 -9.381e+04 -7.988e+04 -8.181e+04 -9.142e+04 -8.848e+04 -8.3e+04 -7.166e+04 -8.349e+04 -1.035e+05 -7.936e+04
 -7.921e+04 -7.157e+04 -6.573e+04 -7.58e+04 -7.409e+04 -7.652e+04 -5.304e+04 -7.355e+04 -7.118e+04 -7.439e+04
 -5.898e+04 -6.492e+04 -4.908e+04 -5.867e+04 -5.73e+04 -6.445e+04 -5.508e+04 -6.327e+04 -6.228e+04 -6.185e+04
 -4.904e+04 -5.753e+04 -4.752e+04 -4.927e+04 -5.424e+04 -5.564e+04 -5.787e+04 -5.549e+04 -5.531e+04 -6.365e+04
 -5.142e+04 -5.947e+04 -4.06e+04 -4.275e+04 -5.203e+04 -4.997e+04 -4.123e+04 -4.909e+04 -5.224e+04 -5.925e+04
 -4.203e+04 -3.971e+04 -3.317e+04 -2.686e+04 -4.187e+04 -3.8e+04 -2.841e+04 -3.711e+04 -3.618e+04 -3.943e+04
 -2.951e+04 -2.093e+04 -1.801e+04 -2.386e+04 -2.909e+04 -1.353e+04 -2.063e+04 -2.602e+04 -2.155e+04 -2.395e+04
 -1.03e+04 -1.17e+04 2484 -1.164e+04 -1.353e+04 -9059 -1.193e+04 -1.185e+04 -1.692e+04 -1.121e+04
 -4320 -3785 7923 -4867 -4416 -5585 -4489 -3113 -7148 -3632
 -6162 -5957 -4869 -9173 -1.105e+04 -5641 -7078 -8676 -1249 -6998
 -3.73e+04 -3.43e+04 -2.343e+04 -3.313e+04 -4.116e+04 -2.022e+04 -3.751e+04 -3.919e+04 -2.627e+04 -4.161e+04
 -6.856e+04 -7.23e+04 -5.788e+04 -6.361e+04 -7.564e+04 -6.792e+04 -6.841e+04 -7.623e+04 -7.612e+04 -7.751e+04
 -9.603e+04 -9.227e+04 -9.254e+04 -8.698e+04 -1.061e+05 -9.616e+04 -8.801e+04 -1.011e+05 -9.702e+04 -1.026e+05
 -1.008e+05 -1.008e+05 -1.018e+05 -9.497e+04 -1.045e+05 -1.009e+05 -9.083e+04 -1.036e+05 -1.1e+05 -1.054e+05
 -9.173e+04 -8.52e+04 -9.118e+04 -9.149e+04 -9.04e+04 -8.538e+04 -8.265e+04 -9.174e+04 -9.948e+04 -1.006e+05
 -7.955e+04 -7.703e+04 -8.001e+04 -8.746e+04 -8.4e+04 -7.303e+04 -7.877e+04 -8.597e+04 -7.821e+04 -8.858e+04
 -6.985e+04 -7.085e+04 -5.733e+04 -7.013e+04 -6.728e+04 -6.636e+04 -6.672e+04 -7.781e+04 -7.314e+04 -8.19e+04
 -6.932e+04 -6.74e+04 -4.763e+04 -7.027e+04 -6.432e+04 -5.373e+04 -5.578e+04 -7.336e+04 -6.64e+04 -7.641e+04
 -5.953e+04 -5.366e+04 -3.541e+04 -4.502e+04 -5.064e+04 -4.878e+04 -3.802e+04 -5.55e+04 -5.191e+04 -5.831e+04
 -3.775e+04 -3.284e+04 -1.367e+04 -3.327e+04 -3.307e+04 -2.88e+04 -2.938e+04 -3.938e+04 -3.628e+04 -3.466e+04
 -2.183e+04 -1.918e+04 2301 -2.274e+04 -1.787e+04 -1.506e+04 -2.021e+04 -2.774e+04 -2.295e+04 -1.714e+04
 -1.025e+04 -5791 1404 -6694 -6012 -3010 -6594 -8171 -9203 -6836
 -491.3 -409.1 1531 -304.5 -355.7 -475.4 -1039 -461.4 -1261 -320.5
 -2544 -1985 141.6 -600.8 -3446 -3499 -2897 -3324 -1419 -4176
 -3.377e+04 -1.758e+04 -2.382e+04 -2.783e+04 -3.39e+04 -2.202e+04 -3.123e+04 -3.594e+04 -2.35e+04 -3.588e+04
 -6.616e+04 -6.003e+04 -5.461e+04 -6.681e+04 -7.19e+04 -6.102e+04 -5.763e+04 -6.882e+04 -7.514e+04 -7.157e+04
 -9.717e+04 -1.022e+05 -9.94e+04 -9.629e+04 -1.084e+05 -1.085e+05 -9.604e+04 -1.091e+05 -9.967e+04 -1.17e+05
 -1.102e+05 -1.134e+05 -1.242e+05 -1.099e+05 -1.247e+05 -1.249e+05 -1.112e+05 -1.218e+05 -1.062e+05 -1.403e+05
 -1.028e+05 -1.058e+05 -1.215e+05 -1.03e+05 -1.116e+05 -1.12e+05 -9.887e+04 -1.169e+05 -8.553e+04 -1.256e+05
 -8.15e+04 -8.193e+04 -9.988e+04 -8.206e+04 -8.781e+04 -8.674e+04 -7.185e+04 -9.621e+04 -7.782e+04 -9.531e+04
 -6.414e+04 -6.758e+04 -7.386e+04 -6.814e+04 -6.602e+04 -6.7e+04 -5.565e+04 -7.505e+04 -6.588e+04 -7.511e+04
 -4.847e+04 -4.912e+04 -4.901e+04 -4.913e+04 -4.846e+04 -5.271e+04 -4.036e+04 -6.199e+04 -4.245e+04 -5.67e+04
 -3.469e+04 -3.039e+04 -2.436e+04 -3.486e+04 -3.537e+04 -3.148e+04 -3.414e+04 -4.28e+04 -2.859e+04 -3.508e+04
 -2.71e+04 -2.251e+04 1709 -2.576e+04 -1.934e+04 -1.481e+04 -2.517e+04 -2.999e+04 -2.217e+04 -2.305e+04
 -1.643e+04 -1.113e+04 1.512e+04 -1.311e+04 -9526 -9260 -1.559e+04 -1.927e+04 -1.68e+04 -1.307e+04
 -4223 -3020 2666 -1221 -3715 -2226 -3337 -4639 -5146 -4051
 -324 -291.2 521.7 -217.3 -154.9 -225.7 -308.9 -349.3 -290.4 -210.8
 0 0 0 0 0 0 0 0 0 0
 -9004 -1807 -2464 -5008 -8973 -9364 -6286 -9513 -1.121e+04 -8541
 -3.113e+04 -1.704e+04 -2.659e+04 -2.09e+04 -3.69e+04 -3.096e+04 -2.43e+04 -3.334e+04 -3.3e+04 -3.349e+04
 -4.54e+04 -4.265e+04 -5.038e+04 -3.838e+04 -4.861e+04 -5.396e+04 -3.964e+04 -5.119e+04 -4.131e+04 -5.229e+04
 -5.047e+04 -5.04e+04 -5.929e+04 -5.634e+04 -5.861e+04 -4.973e+04 -5.433e+04 -6.396e+04 -5.29e+04 -5.508e+04
 -4.952e+04 -4.883e+04 -5.588e+04 -5.536e+04 -5.823e+04 -5.504e+04 -5.551e+04 -5.485e+04 -6.07e+04 -6.508e+04
 -4.416e+04 -3.695e+04 -4.996e+04 -3.594e+04 -4.903e+04 -4.245e+04 -4.599e+04 -4.94e+04 -4.068e+04 -4.605e+04
 -2.348e+04 -2.183e+04 -3.529e+04 -2.14e+04 -2.089e+04 -2.452e+04 -1.544e+04 -3.114e+04 -1.864e+04 -2.509e+04
 -1.745e+04 -1.134e+04 -1.896e+04 -1.449e+04 -1.412e+04 -1.588e+04 -1.264e+04 -1.979e+04 -3447 -1.607e+04
 -1.494e+04 -7811 -6745 -1.129e+04 -8717 -1.071e+04 -1.309e+04 -1.319e+04 -5208 -9658
 -9436 -4368 -1270 -4717 -4712 -5872 -6750 -5458 -4456 -7046
 -4953 -3259 710.1 -1564 -3641 -2330 -2737 -4572 -4154 -3899
 -629.3 -519.9 1134 -424.1 -411.5 -754 -544.6 -695.6 -519.6 -493.1
 0 0 0 0 0 0 0 0 0 0


