Initial solution fitness: 315948
Optimal solution: 203714
ITERATION 0
yes
yes
yes
yes
yes
ITERATION 100
ITERATION 200
ITERATION 300
ITERATION 400
ITERATION 500
ITERATION 600
ITERATION 700
Final solution fitness: 266710
Iteracion: 800
Temp: 9.909860540491214e-33
(0, 315948)(1, 315948)(2, 330351)(3, 362378)(4, 407360)(5, 332926)(6, 332926)(7, 348185)(8, 348185)(9, 346267)(10, 311078)(11, 311078)(12, 311078)(13, 311078)(14, 311078)(15, 311078)(16, 311078)(17, 311078)(18, 311078)(19, 311078)(20, 311078)(21, 311078)(22, 311078)(23, 311078)(24, 311078)(25, 311078)(26, 311078)(27, 311078)(28, 313332)(29, 313332)(30, 296132)(31, 296132)(32, 296132)(33, 296132)(34, 296132)(35, 296132)(36, 296132)(37, 296132)(38, 296132)(39, 296132)(40, 296132)(41, 296132)(42, 296132)(43, 296132)(44, 296132)(45, 296132)(46, 296132)(47, 296132)(48, 296132)(49, 296132)(50, 296132)(51, 294976)(52, 294976)(53, 294976)(54, 294976)(55, 294976)(56, 294976)(57, 294976)(58, 294976)(59, 294976)(60, 294976)(61, 294976)(62, 294976)(63, 294976)(64, 294976)(65, 294976)(66, 294976)(67, 294976)(68, 294976)(69, 294976)(70, 294976)(71, 294976)(72, 294976)(73, 294976)(74, 294976)(75, 294976)(76, 294976)(77, 292407)(78, 292407)(79, 292407)(80, 292407)(81, 292407)(82, 292407)(83, 292407)(84, 287351)(85, 287351)(86, 287351)(87, 287351)(88, 287351)(89, 287351)(90, 287351)(91, 283498)(92, 283498)(93, 283498)(94, 283498)(95, 283498)(96, 283498)(97, 283498)(98, 283498)(99, 283498)(100, 283498)(101, 283498)(102, 283498)(103, 283498)(104, 283498)(105, 283498)(106, 283498)(107, 283498)(108, 283498)(109, 283498)(110, 283498)(111, 283498)(112, 283498)(113, 283498)(114, 283498)(115, 276375)(116, 276375)(117, 276375)(118, 276375)(119, 276375)(120, 276375)(121, 276375)(122, 276375)(123, 276375)(124, 276375)(125, 276375)(126, 276375)(127, 276375)(128, 276375)(129, 276375)(130, 276375)(131, 276375)(132, 276375)(133, 276375)(134, 276375)(135, 276375)(136, 276375)(137, 276375)(138, 276375)(139, 276375)(140, 276375)(141, 276375)(142, 276375)(143, 276375)(144, 276375)(145, 276375)(146, 276375)(147, 276375)(148, 276375)(149, 276375)(150, 276375)(151, 276375)(152, 276375)(153, 276375)(154, 276375)(155, 276375)(156, 276375)(157, 276375)(158, 276375)(159, 276375)(160, 276375)(161, 276375)(162, 276375)(163, 276375)(164, 276375)(165, 276375)(166, 276375)(167, 276375)(168, 276375)(169, 276375)(170, 276375)(171, 276375)(172, 276375)(173, 276375)(174, 276375)(175, 276375)(176, 276375)(177, 276375)(178, 276375)(179, 276375)(180, 276375)(181, 276375)(182, 276375)(183, 276375)(184, 276375)(185, 276375)(186, 276375)(187, 276375)(188, 276375)(189, 276375)(190, 276375)(191, 276375)(192, 276375)(193, 276375)(194, 276375)(195, 276375)(196, 276375)(197, 276375)(198, 276375)(199, 276375)(200, 276375)(201, 276375)(202, 276375)(203, 276375)(204, 276375)(205, 276375)(206, 276375)(207, 276375)(208, 276375)(209, 276375)(210, 276375)(211, 276375)(212, 276375)(213, 276375)(214, 276375)(215, 276375)(216, 276375)(217, 276375)(218, 276375)(219, 276375)(220, 276375)(221, 276375)(222, 276375)(223, 276375)(224, 276375)(225, 276375)(226, 273901)(227, 273901)(228, 273901)(229, 273901)(230, 273901)(231, 273901)(232, 273901)(233, 273901)(234, 273901)(235, 273901)(236, 273901)(237, 273901)(238, 273901)(239, 273901)(240, 273901)(241, 273901)(242, 273901)(243, 273901)(244, 273901)(245, 273901)(246, 273901)(247, 273901)(248, 273901)(249, 273901)(250, 273901)(251, 273901)(252, 273901)(253, 273901)(254, 273901)(255, 273901)(256, 273901)(257, 273901)(258, 273901)(259, 273901)(260, 273901)(261, 273901)(262, 273901)(263, 273901)(264, 273901)(265, 273901)(266, 273901)(267, 273901)(268, 273901)(269, 273901)(270, 273901)(271, 273901)(272, 273901)(273, 273901)(274, 273901)(275, 273901)(276, 273901)(277, 273901)(278, 273901)(279, 273901)(280, 273901)(281, 273901)(282, 273901)(283, 273901)(284, 273901)(285, 273901)(286, 273901)(287, 273901)(288, 273901)(289, 273901)(290, 273901)(291, 273901)(292, 273901)(293, 273901)(294, 273901)(295, 273901)(296, 273901)(297, 273901)(298, 273901)(299, 273901)(300, 273901)(301, 273901)(302, 273901)(303, 273901)(304, 273901)(305, 273901)(306, 273901)(307, 273901)(308, 273901)(309, 273901)(310, 273901)(311, 273901)(312, 273901)(313, 273901)(314, 273901)(315, 273901)(316, 273901)(317, 273901)(318, 273901)(319, 273901)(320, 273901)(321, 273901)(322, 273901)(323, 273901)(324, 273901)(325, 273901)(326, 273901)(327, 273901)(328, 273901)(329, 273901)(330, 273901)(331, 273901)(332, 273901)(333, 273901)(334, 273901)(335, 273901)(336, 273901)(337, 273901)(338, 273901)(339, 273901)(340, 273901)(341, 273901)(342, 273901)(343, 273901)(344, 273901)(345, 273901)(346, 273901)(347, 273901)(348, 273901)(349, 273901)(350, 273901)(351, 273901)(352, 273901)(353, 273901)(354, 273901)(355, 273901)(356, 273901)(357, 273901)(358, 273901)(359, 273901)(360, 273901)(361, 273901)(362, 273901)(363, 273901)(364, 273901)(365, 273901)(366, 273901)(367, 269887)(368, 269887)(369, 269887)(370, 269887)(371, 269887)(372, 269887)(373, 269887)(374, 269887)(375, 269887)(376, 269887)(377, 269887)(378, 269887)(379, 269887)(380, 269887)(381, 269887)(382, 269887)(383, 269887)(384, 269887)(385, 269887)(386, 269887)(387, 269887)(388, 269887)(389, 269887)(390, 269887)(391, 269887)(392, 269887)(393, 269887)(394, 269887)(395, 269887)(396, 269887)(397, 269887)(398, 269887)(399, 269887)(400, 269887)(401, 269887)(402, 269887)(403, 269887)(404, 269887)(405, 269887)(406, 269887)(407, 269887)(408, 269887)(409, 269887)(410, 269887)(411, 269887)(412, 269887)(413, 269887)(414, 269887)(415, 269887)(416, 269887)(417, 269887)(418, 269887)(419, 269887)(420, 269887)(421, 269887)(422, 269887)(423, 269887)(424, 269887)(425, 269887)(426, 269887)(427, 269887)(428, 269887)(429, 269887)(430, 269887)(431, 269887)(432, 269887)(433, 269887)(434, 269887)(435, 269887)(436, 269887)(437, 269887)(438, 269887)(439, 269887)(440, 269887)(441, 269887)(442, 269887)(443, 269887)(444, 269887)(445, 269887)(446, 269887)(447, 269887)(448, 269887)(449, 269887)(450, 269887)(451, 269887)(452, 269887)(453, 269887)(454, 269887)(455, 269887)(456, 269887)(457, 269887)(458, 269887)(459, 269887)(460, 269887)(461, 269887)(462, 269887)(463, 269887)(464, 269887)(465, 269887)(466, 269887)(467, 269887)(468, 269887)(469, 269887)(470, 269887)(471, 269887)(472, 269887)(473, 269887)(474, 269887)(475, 269887)(476, 269887)(477, 269887)(478, 269887)(479, 269887)(480, 269887)(481, 269887)(482, 269887)(483, 269887)(484, 269887)(485, 269887)(486, 269887)(487, 269887)(488, 269887)(489, 269887)(490, 269887)(491, 269887)(492, 269887)(493, 269887)(494, 269887)(495, 269887)(496, 269887)(497, 269887)(498, 269887)(499, 269887)(500, 269887)(501, 269887)(502, 269887)(503, 269887)(504, 269887)(505, 269887)(506, 269887)(507, 269887)(508, 269887)(509, 269887)(510, 269887)(511, 269887)(512, 269887)(513, 269887)(514, 269887)(515, 269887)(516, 269887)(517, 269887)(518, 269887)(519, 269887)(520, 269887)(521, 269540)(522, 269540)(523, 269540)(524, 269540)(525, 269540)(526, 269540)(527, 269540)(528, 269540)(529, 269540)(530, 269540)(531, 269540)(532, 269540)(533, 269540)(534, 269540)(535, 269540)(536, 269540)(537, 269540)(538, 269540)(539, 269540)(540, 269540)(541, 269540)(542, 269540)(543, 269540)(544, 269540)(545, 269540)(546, 269540)(547, 269540)(548, 269540)(549, 269540)(550, 269540)(551, 269540)(552, 269540)(553, 269540)(554, 269540)(555, 269540)(556, 269540)(557, 269540)(558, 269540)(559, 269540)(560, 269540)(561, 269540)(562, 267701)(563, 267701)(564, 267701)(565, 267701)(566, 267701)(567, 267701)(568, 267701)(569, 267701)(570, 267701)(571, 267701)(572, 267701)(573, 267701)(574, 267701)(575, 267701)(576, 267701)(577, 267701)(578, 267701)(579, 267701)(580, 267701)(581, 267701)(582, 267701)(583, 267701)(584, 267701)(585, 267701)(586, 267701)(587, 267701)(588, 267701)(589, 267701)(590, 267701)(591, 267701)(592, 267701)(593, 267701)(594, 267701)(595, 267701)(596, 267701)(597, 267701)(598, 267701)(599, 266710)(600, 266710)(601, 266710)(602, 266710)(603, 266710)(604, 266710)(605, 266710)(606, 266710)(607, 266710)(608, 266710)(609, 266710)(610, 266710)(611, 266710)(612, 266710)(613, 266710)(614, 266710)(615, 266710)(616, 266710)(617, 266710)(618, 266710)(619, 266710)(620, 266710)(621, 266710)(622, 266710)(623, 266710)(624, 266710)(625, 266710)(626, 266710)(627, 266710)(628, 266710)(629, 266710)(630, 266710)(631, 266710)(632, 266710)(633, 266710)(634, 266710)(635, 266710)(636, 266710)(637, 266710)(638, 266710)(639, 266710)(640, 266710)(641, 266710)(642, 266710)(643, 266710)(644, 266710)(645, 266710)(646, 266710)(647, 266710)(648, 266710)(649, 266710)(650, 266710)(651, 266710)(652, 266710)(653, 266710)(654, 266710)(655, 266710)(656, 266710)(657, 266710)(658, 266710)(659, 266710)(660, 266710)(661, 266710)(662, 266710)(663, 266710)(664, 266710)(665, 266710)(666, 266710)(667, 266710)(668, 266710)(669, 266710)(670, 266710)(671, 266710)(672, 266710)(673, 266710)(674, 266710)(675, 266710)(676, 266710)(677, 266710)(678, 266710)(679, 266710)(680, 266710)(681, 266710)(682, 266710)(683, 266710)(684, 266710)(685, 266710)(686, 266710)(687, 266710)(688, 266710)(689, 266710)(690, 266710)(691, 266710)(692, 266710)(693, 266710)(694, 266710)(695, 266710)(696, 266710)(697, 266710)(698, 266710)(699, 266710)(700, 266710)(701, 266710)(702, 266710)(703, 266710)(704, 266710)(705, 266710)(706, 266710)(707, 266710)(708, 266710)(709, 266710)(710, 266710)(711, 266710)(712, 266710)(713, 266710)(714, 266710)(715, 266710)(716, 266710)(717, 266710)(718, 266710)(719, 266710)(720, 266710)(721, 266710)(722, 266710)(723, 266710)(724, 266710)(725, 266710)(726, 266710)(727, 266710)(728, 266710)(729, 266710)(730, 266710)(731, 266710)(732, 266710)(733, 266710)(734, 266710)(735, 266710)(736, 266710)(737, 266710)(738, 266710)(739, 266710)(740, 266710)(741, 266710)(742, 266710)(743, 266710)(744, 266710)(745, 266710)(746, 266710)(747, 266710)(748, 266710)(749, 266710)(750, 266710)(751, 266710)(752, 266710)(753, 266710)(754, 266710)(755, 266710)(756, 266710)(757, 266710)(758, 266710)(759, 266710)(760, 266710)(761, 266710)(762, 266710)(763, 266710)(764, 266710)(765, 266710)(766, 266710)(767, 266710)(768, 266710)(769, 266710)(770, 266710)(771, 266710)(772, 266710)(773, 266710)(774, 266710)(775, 266710)(776, 266710)(777, 266710)(778, 266710)(779, 266710)(780, 266710)(781, 266710)(782, 266710)(783, 266710)(784, 266710)(785, 266710)(786, 266710)(787, 266710)(788, 266710)(789, 266710)(790, 266710)(791, 266710)(792, 266710)(793, 266710)(794, 266710)(795, 266710)(796, 266710)(797, 266710)(798, 266710)(799, 266710)
TIME 125.57765793800354
