Initial solution fitness: 315948
Optimal solution: 203714
ITERATION 0
yes
ITERATION 100
ITERATION 200
ITERATION 300
ITERATION 400
ITERATION 500
ITERATION 600
ITERATION 700
Final solution fitness: 290929
Iteracion: 800
Temp: 9.909860540491214e-33
(0, 315948)(1, 315948)(2, 315948)(3, 386562)(4, 386562)(5, 343240)(6, 343240)(7, 343240)(8, 343240)(9, 343240)(10, 343240)(11, 343240)(12, 343240)(13, 343240)(14, 343240)(15, 343240)(16, 343240)(17, 343240)(18, 343240)(19, 343240)(20, 343240)(21, 343240)(22, 343240)(23, 343240)(24, 343240)(25, 343240)(26, 343240)(27, 343240)(28, 343240)(29, 343240)(30, 343240)(31, 343240)(32, 343240)(33, 343240)(34, 343240)(35, 343240)(36, 343240)(37, 343240)(38, 343240)(39, 343240)(40, 343240)(41, 343240)(42, 343240)(43, 343240)(44, 343240)(45, 343240)(46, 343240)(47, 343240)(48, 337810)(49, 337810)(50, 337810)(51, 337810)(52, 337810)(53, 337810)(54, 337810)(55, 337810)(56, 337810)(57, 337810)(58, 337810)(59, 337810)(60, 337810)(61, 337810)(62, 337810)(63, 337810)(64, 337810)(65, 337810)(66, 337810)(67, 337810)(68, 337810)(69, 337810)(70, 337810)(71, 337810)(72, 337810)(73, 337810)(74, 337810)(75, 337810)(76, 337810)(77, 337810)(78, 337810)(79, 312161)(80, 312161)(81, 312161)(82, 312161)(83, 312161)(84, 312161)(85, 312161)(86, 312161)(87, 312161)(88, 312161)(89, 312161)(90, 312161)(91, 312161)(92, 312161)(93, 312161)(94, 312161)(95, 312161)(96, 312161)(97, 312161)(98, 312161)(99, 312161)(100, 312161)(101, 312161)(102, 312161)(103, 312161)(104, 312161)(105, 312161)(106, 312161)(107, 312161)(108, 312161)(109, 312161)(110, 312161)(111, 312161)(112, 312161)(113, 312161)(114, 312161)(115, 312161)(116, 312161)(117, 312161)(118, 312161)(119, 312161)(120, 312161)(121, 312161)(122, 312161)(123, 312161)(124, 312161)(125, 312161)(126, 312161)(127, 312161)(128, 312161)(129, 312161)(130, 312161)(131, 312161)(132, 312161)(133, 312161)(134, 312161)(135, 312161)(136, 312161)(137, 312161)(138, 312161)(139, 312161)(140, 312161)(141, 312161)(142, 312161)(143, 312161)(144, 312161)(145, 312161)(146, 312161)(147, 312161)(148, 312161)(149, 312161)(150, 312161)(151, 312161)(152, 312161)(153, 312161)(154, 312161)(155, 312161)(156, 312161)(157, 312161)(158, 312161)(159, 312161)(160, 312161)(161, 312161)(162, 312161)(163, 312161)(164, 312161)(165, 312161)(166, 312161)(167, 312161)(168, 312161)(169, 312161)(170, 312161)(171, 312161)(172, 312161)(173, 312161)(174, 312161)(175, 312161)(176, 312161)(177, 312161)(178, 312161)(179, 312161)(180, 312161)(181, 312161)(182, 312161)(183, 312161)(184, 312161)(185, 312161)(186, 312161)(187, 312161)(188, 312161)(189, 312161)(190, 312161)(191, 312161)(192, 312161)(193, 312161)(194, 311525)(195, 311525)(196, 311525)(197, 311525)(198, 311525)(199, 311525)(200, 311525)(201, 311525)(202, 311525)(203, 311525)(204, 311525)(205, 311525)(206, 311525)(207, 311525)(208, 311525)(209, 311525)(210, 311525)(211, 311525)(212, 311525)(213, 311525)(214, 311525)(215, 311525)(216, 311525)(217, 311525)(218, 311525)(219, 311525)(220, 311525)(221, 311525)(222, 311525)(223, 311525)(224, 311525)(225, 311525)(226, 311525)(227, 311525)(228, 311525)(229, 311525)(230, 311525)(231, 311525)(232, 311525)(233, 311525)(234, 311525)(235, 311525)(236, 311525)(237, 311525)(238, 311525)(239, 311525)(240, 311525)(241, 311525)(242, 311525)(243, 311525)(244, 308812)(245, 308812)(246, 308812)(247, 308812)(248, 308812)(249, 308812)(250, 308812)(251, 308812)(252, 308812)(253, 308812)(254, 308812)(255, 308812)(256, 308812)(257, 308812)(258, 308812)(259, 308812)(260, 308812)(261, 308812)(262, 308812)(263, 308812)(264, 308812)(265, 308812)(266, 308812)(267, 308812)(268, 308812)(269, 308812)(270, 308812)(271, 308812)(272, 308812)(273, 308812)(274, 308812)(275, 308812)(276, 308812)(277, 308812)(278, 308812)(279, 308812)(280, 308812)(281, 308812)(282, 308812)(283, 308812)(284, 308812)(285, 308812)(286, 308812)(287, 308812)(288, 308812)(289, 308812)(290, 308812)(291, 308812)(292, 308812)(293, 308812)(294, 308812)(295, 308812)(296, 308812)(297, 308812)(298, 308812)(299, 308812)(300, 308812)(301, 308812)(302, 308812)(303, 308812)(304, 308812)(305, 308812)(306, 308772)(307, 308772)(308, 308772)(309, 308772)(310, 308772)(311, 308772)(312, 308772)(313, 308772)(314, 308772)(315, 308772)(316, 308772)(317, 308772)(318, 308772)(319, 308772)(320, 308772)(321, 308772)(322, 308772)(323, 308772)(324, 308772)(325, 308772)(326, 308772)(327, 308772)(328, 308772)(329, 308772)(330, 308772)(331, 308772)(332, 308772)(333, 308772)(334, 308772)(335, 308772)(336, 308772)(337, 308772)(338, 308772)(339, 308772)(340, 308772)(341, 308772)(342, 308772)(343, 308772)(344, 308772)(345, 308772)(346, 308772)(347, 308772)(348, 308772)(349, 308772)(350, 308772)(351, 308772)(352, 308772)(353, 308772)(354, 308772)(355, 308772)(356, 308772)(357, 308772)(358, 308772)(359, 308772)(360, 308772)(361, 308772)(362, 308772)(363, 308772)(364, 308772)(365, 308772)(366, 308772)(367, 308772)(368, 308772)(369, 308772)(370, 308772)(371, 308772)(372, 308772)(373, 308772)(374, 308772)(375, 308772)(376, 308772)(377, 308772)(378, 308772)(379, 308772)(380, 308772)(381, 308772)(382, 308772)(383, 308772)(384, 308772)(385, 308772)(386, 308772)(387, 308772)(388, 308772)(389, 308772)(390, 308772)(391, 308772)(392, 308772)(393, 308772)(394, 308772)(395, 308772)(396, 308772)(397, 308772)(398, 308772)(399, 308772)(400, 308772)(401, 308772)(402, 308772)(403, 308772)(404, 308772)(405, 308772)(406, 308772)(407, 308772)(408, 308772)(409, 308772)(410, 308772)(411, 308772)(412, 308772)(413, 308772)(414, 308772)(415, 308772)(416, 308772)(417, 308772)(418, 308772)(419, 307729)(420, 307729)(421, 307729)(422, 307729)(423, 307729)(424, 307729)(425, 307729)(426, 307729)(427, 307729)(428, 307729)(429, 307729)(430, 307729)(431, 307729)(432, 307729)(433, 307729)(434, 307729)(435, 307729)(436, 307729)(437, 307729)(438, 307729)(439, 307729)(440, 307729)(441, 307729)(442, 307729)(443, 307729)(444, 307729)(445, 307729)(446, 307729)(447, 307729)(448, 307729)(449, 307729)(450, 307729)(451, 307729)(452, 307729)(453, 307729)(454, 307729)(455, 307729)(456, 307729)(457, 307729)(458, 307729)(459, 307729)(460, 307729)(461, 307729)(462, 307729)(463, 307729)(464, 307729)(465, 307729)(466, 307729)(467, 307729)(468, 307729)(469, 307729)(470, 307729)(471, 307729)(472, 307729)(473, 307729)(474, 307729)(475, 307729)(476, 307729)(477, 307729)(478, 307729)(479, 307729)(480, 307729)(481, 307729)(482, 307729)(483, 307729)(484, 307729)(485, 307729)(486, 307729)(487, 307729)(488, 307729)(489, 307729)(490, 307729)(491, 307729)(492, 307729)(493, 307729)(494, 307729)(495, 307729)(496, 307729)(497, 307729)(498, 307729)(499, 307729)(500, 307729)(501, 307729)(502, 307729)(503, 307729)(504, 307729)(505, 307729)(506, 307729)(507, 307729)(508, 307729)(509, 307729)(510, 307729)(511, 307729)(512, 307729)(513, 307729)(514, 307729)(515, 307729)(516, 307729)(517, 307729)(518, 307729)(519, 307729)(520, 307729)(521, 307729)(522, 307729)(523, 307729)(524, 307729)(525, 307729)(526, 307729)(527, 307729)(528, 307729)(529, 307729)(530, 307729)(531, 307729)(532, 307729)(533, 307729)(534, 307729)(535, 307729)(536, 307729)(537, 307729)(538, 307729)(539, 307729)(540, 307729)(541, 307729)(542, 307729)(543, 307729)(544, 307729)(545, 307729)(546, 307729)(547, 307729)(548, 307729)(549, 307729)(550, 307729)(551, 307729)(552, 307729)(553, 307729)(554, 307729)(555, 307729)(556, 307729)(557, 307729)(558, 307729)(559, 307729)(560, 307729)(561, 307729)(562, 307729)(563, 307729)(564, 307729)(565, 307729)(566, 307729)(567, 307729)(568, 307729)(569, 307729)(570, 307729)(571, 307729)(572, 307729)(573, 307729)(574, 307729)(575, 307729)(576, 307729)(577, 307729)(578, 307729)(579, 307729)(580, 307729)(581, 307729)(582, 307729)(583, 307729)(584, 307729)(585, 307729)(586, 307729)(587, 307729)(588, 307729)(589, 307729)(590, 307729)(591, 307729)(592, 307729)(593, 307729)(594, 307729)(595, 307729)(596, 307729)(597, 307729)(598, 307729)(599, 307729)(600, 307729)(601, 307729)(602, 307729)(603, 307729)(604, 307729)(605, 307729)(606, 307729)(607, 307729)(608, 307729)(609, 307729)(610, 307729)(611, 307729)(612, 307729)(613, 307729)(614, 307729)(615, 307729)(616, 307729)(617, 307729)(618, 307729)(619, 307729)(620, 307729)(621, 307729)(622, 307729)(623, 307729)(624, 307729)(625, 307729)(626, 307729)(627, 307729)(628, 307729)(629, 307729)(630, 307729)(631, 307729)(632, 307729)(633, 307729)(634, 307729)(635, 307729)(636, 307729)(637, 307729)(638, 307729)(639, 307729)(640, 307729)(641, 307729)(642, 304425)(643, 304425)(644, 304425)(645, 304425)(646, 304425)(647, 304425)(648, 304425)(649, 304425)(650, 304425)(651, 304425)(652, 304425)(653, 304425)(654, 304425)(655, 304425)(656, 304425)(657, 304425)(658, 304425)(659, 304425)(660, 304425)(661, 304425)(662, 304425)(663, 304425)(664, 304425)(665, 304425)(666, 304425)(667, 304425)(668, 304425)(669, 304425)(670, 293074)(671, 293074)(672, 293074)(673, 293074)(674, 293074)(675, 293074)(676, 293074)(677, 293074)(678, 293074)(679, 293074)(680, 293074)(681, 293074)(682, 293074)(683, 293074)(684, 293074)(685, 293074)(686, 293074)(687, 293074)(688, 293074)(689, 293074)(690, 293074)(691, 293074)(692, 293074)(693, 293074)(694, 293074)(695, 293074)(696, 293074)(697, 293074)(698, 293074)(699, 293074)(700, 293074)(701, 293074)(702, 293074)(703, 293074)(704, 293074)(705, 293074)(706, 293074)(707, 293074)(708, 293074)(709, 293074)(710, 293074)(711, 293074)(712, 293074)(713, 293074)(714, 293074)(715, 293074)(716, 293074)(717, 293074)(718, 293074)(719, 293074)(720, 293074)(721, 293074)(722, 293074)(723, 293074)(724, 293074)(725, 293074)(726, 293074)(727, 293074)(728, 293074)(729, 293074)(730, 293074)(731, 293074)(732, 293074)(733, 293074)(734, 293074)(735, 293074)(736, 293074)(737, 293074)(738, 293074)(739, 293074)(740, 293074)(741, 293074)(742, 293074)(743, 293074)(744, 293074)(745, 293074)(746, 293074)(747, 293074)(748, 293074)(749, 293074)(750, 293074)(751, 293074)(752, 293074)(753, 293074)(754, 293074)(755, 293074)(756, 293074)(757, 293074)(758, 293074)(759, 293074)(760, 293074)(761, 293074)(762, 293074)(763, 293074)(764, 293074)(765, 293074)(766, 293074)(767, 293074)(768, 293074)(769, 293074)(770, 293074)(771, 293074)(772, 293074)(773, 293074)(774, 293074)(775, 293074)(776, 293074)(777, 293074)(778, 293074)(779, 293074)(780, 293074)(781, 293074)(782, 293074)(783, 293074)(784, 293074)(785, 293074)(786, 293074)(787, 293074)(788, 293074)(789, 293074)(790, 293074)(791, 293074)(792, 293074)(793, 290929)(794, 290929)(795, 290929)(796, 290929)(797, 290929)(798, 290929)(799, 290929)
TIME 167.4870822429657
