Initial solution fitness: 315948
Optimal solution: 203714
ITERATION 0
ITERATION 100
ITERATION 200
ITERATION 300
ITERATION 400
ITERATION 500
ITERATION 600
ITERATION 700
Final solution fitness: 268725
Iteracion: 800
Temp: 2.9647603478999132e-74
(0, 315948)(1, 315948)(2, 315948)(3, 315948)(4, 315948)(5, 315948)(6, 315948)(7, 305915)(8, 305915)(9, 305915)(10, 305915)(11, 305915)(12, 305915)(13, 305915)(14, 305915)(15, 305915)(16, 305915)(17, 305915)(18, 305915)(19, 305915)(20, 305915)(21, 305915)(22, 305915)(23, 305915)(24, 305915)(25, 305915)(26, 305915)(27, 305915)(28, 305915)(29, 305915)(30, 305915)(31, 305915)(32, 305915)(33, 305915)(34, 305915)(35, 305915)(36, 305915)(37, 305915)(38, 305915)(39, 305915)(40, 305915)(41, 305915)(42, 305915)(43, 305915)(44, 305915)(45, 305915)(46, 305915)(47, 305915)(48, 305915)(49, 305915)(50, 305915)(51, 305915)(52, 305915)(53, 299818)(54, 299818)(55, 299818)(56, 299818)(57, 299818)(58, 299818)(59, 299818)(60, 299818)(61, 299818)(62, 299818)(63, 299818)(64, 299818)(65, 299818)(66, 299818)(67, 299818)(68, 299818)(69, 299818)(70, 299818)(71, 299818)(72, 299818)(73, 299818)(74, 299818)(75, 299818)(76, 299818)(77, 299818)(78, 299818)(79, 299818)(80, 299818)(81, 299818)(82, 299818)(83, 299818)(84, 299818)(85, 299818)(86, 299818)(87, 299818)(88, 299818)(89, 299818)(90, 299818)(91, 299818)(92, 299818)(93, 299818)(94, 299818)(95, 299818)(96, 299818)(97, 299818)(98, 299818)(99, 299818)(100, 299818)(101, 299818)(102, 299818)(103, 299818)(104, 299818)(105, 299818)(106, 299818)(107, 299818)(108, 299818)(109, 299818)(110, 299818)(111, 299818)(112, 299818)(113, 299818)(114, 299818)(115, 299818)(116, 299818)(117, 299818)(118, 299818)(119, 299818)(120, 299818)(121, 299818)(122, 299818)(123, 299818)(124, 299818)(125, 299818)(126, 299818)(127, 299818)(128, 299818)(129, 299818)(130, 299818)(131, 299818)(132, 299818)(133, 299818)(134, 299818)(135, 299818)(136, 299818)(137, 299818)(138, 299818)(139, 299818)(140, 299818)(141, 299818)(142, 299818)(143, 299818)(144, 299818)(145, 299818)(146, 299818)(147, 299818)(148, 299818)(149, 299818)(150, 299818)(151, 299818)(152, 299818)(153, 299818)(154, 299818)(155, 299818)(156, 299818)(157, 299818)(158, 299818)(159, 299818)(160, 299818)(161, 299818)(162, 299818)(163, 299818)(164, 299818)(165, 299818)(166, 299818)(167, 299818)(168, 299818)(169, 299818)(170, 299818)(171, 299818)(172, 299818)(173, 299818)(174, 298962)(175, 298962)(176, 298962)(177, 298962)(178, 298962)(179, 298962)(180, 298962)(181, 298962)(182, 298962)(183, 298962)(184, 298962)(185, 298962)(186, 298962)(187, 298962)(188, 298962)(189, 298962)(190, 298962)(191, 298962)(192, 298962)(193, 298962)(194, 298962)(195, 298962)(196, 298962)(197, 298962)(198, 298962)(199, 298962)(200, 298962)(201, 298962)(202, 298962)(203, 298962)(204, 298962)(205, 298962)(206, 298962)(207, 298962)(208, 298962)(209, 298962)(210, 298962)(211, 298962)(212, 298962)(213, 298962)(214, 298962)(215, 298962)(216, 298962)(217, 298962)(218, 298962)(219, 298962)(220, 298962)(221, 298962)(222, 298962)(223, 298962)(224, 298962)(225, 298962)(226, 298962)(227, 298962)(228, 298962)(229, 298962)(230, 298962)(231, 298962)(232, 298962)(233, 298962)(234, 298962)(235, 298962)(236, 298962)(237, 298962)(238, 298962)(239, 298962)(240, 298962)(241, 298962)(242, 298962)(243, 298962)(244, 298962)(245, 298962)(246, 298962)(247, 298962)(248, 298962)(249, 298962)(250, 298962)(251, 298962)(252, 298962)(253, 298962)(254, 298962)(255, 298962)(256, 298962)(257, 298962)(258, 298962)(259, 298962)(260, 298962)(261, 298962)(262, 298962)(263, 298962)(264, 298962)(265, 298962)(266, 298962)(267, 298962)(268, 298962)(269, 298962)(270, 298962)(271, 298962)(272, 298962)(273, 298962)(274, 298962)(275, 298962)(276, 298962)(277, 298962)(278, 298962)(279, 298962)(280, 298962)(281, 298962)(282, 298962)(283, 298962)(284, 298962)(285, 298962)(286, 298962)(287, 298962)(288, 298962)(289, 298962)(290, 298962)(291, 298962)(292, 298962)(293, 298962)(294, 298962)(295, 298962)(296, 298962)(297, 298962)(298, 298962)(299, 298962)(300, 298962)(301, 298962)(302, 298962)(303, 298962)(304, 286611)(305, 286611)(306, 286611)(307, 286611)(308, 286611)(309, 286611)(310, 286611)(311, 286611)(312, 286611)(313, 286611)(314, 286611)(315, 286611)(316, 286611)(317, 286611)(318, 286611)(319, 286611)(320, 286611)(321, 286611)(322, 286611)(323, 286611)(324, 286611)(325, 286611)(326, 286611)(327, 286611)(328, 286611)(329, 286611)(330, 286611)(331, 286611)(332, 286611)(333, 286611)(334, 286611)(335, 286611)(336, 286611)(337, 286611)(338, 286611)(339, 286611)(340, 286611)(341, 286611)(342, 286611)(343, 285992)(344, 285992)(345, 285992)(346, 285992)(347, 285992)(348, 285992)(349, 285992)(350, 285992)(351, 285992)(352, 285992)(353, 285992)(354, 285992)(355, 285992)(356, 285992)(357, 285992)(358, 285992)(359, 285992)(360, 285992)(361, 285992)(362, 285992)(363, 285992)(364, 285992)(365, 285992)(366, 285992)(367, 285992)(368, 285992)(369, 285992)(370, 285992)(371, 285992)(372, 285992)(373, 285992)(374, 285992)(375, 285992)(376, 285992)(377, 285992)(378, 285992)(379, 285992)(380, 285992)(381, 285992)(382, 285992)(383, 285992)(384, 285992)(385, 285992)(386, 285992)(387, 285992)(388, 285992)(389, 285992)(390, 285992)(391, 285992)(392, 285992)(393, 285992)(394, 285992)(395, 285992)(396, 285992)(397, 285992)(398, 283406)(399, 283406)(400, 283406)(401, 283406)(402, 283406)(403, 283406)(404, 283406)(405, 283406)(406, 283406)(407, 283406)(408, 283406)(409, 283406)(410, 283406)(411, 283406)(412, 283406)(413, 283406)(414, 283406)(415, 283406)(416, 283406)(417, 283406)(418, 283406)(419, 283406)(420, 283406)(421, 283406)(422, 283406)(423, 283406)(424, 283406)(425, 283406)(426, 283406)(427, 283406)(428, 283406)(429, 283406)(430, 283406)(431, 283406)(432, 283406)(433, 283406)(434, 283406)(435, 283406)(436, 283406)(437, 283406)(438, 283406)(439, 283406)(440, 283406)(441, 283406)(442, 283406)(443, 283406)(444, 283406)(445, 283406)(446, 283406)(447, 283406)(448, 283406)(449, 283406)(450, 283406)(451, 283406)(452, 283406)(453, 283406)(454, 283406)(455, 283406)(456, 283406)(457, 283406)(458, 283406)(459, 283406)(460, 283406)(461, 283406)(462, 283406)(463, 283406)(464, 283406)(465, 283406)(466, 283406)(467, 283406)(468, 283406)(469, 283406)(470, 283406)(471, 283406)(472, 283406)(473, 283406)(474, 283406)(475, 283406)(476, 283406)(477, 283406)(478, 283406)(479, 283406)(480, 282508)(481, 282508)(482, 282508)(483, 282508)(484, 282508)(485, 282508)(486, 282508)(487, 282508)(488, 282508)(489, 282508)(490, 282508)(491, 282508)(492, 282508)(493, 282508)(494, 282508)(495, 282508)(496, 282508)(497, 282508)(498, 282508)(499, 282508)(500, 282508)(501, 282508)(502, 282508)(503, 282508)(504, 282508)(505, 282508)(506, 282508)(507, 282508)(508, 282508)(509, 282508)(510, 282508)(511, 282508)(512, 282508)(513, 282508)(514, 282508)(515, 282508)(516, 282508)(517, 282508)(518, 282508)(519, 282508)(520, 282508)(521, 282508)(522, 282508)(523, 282508)(524, 282508)(525, 282508)(526, 282508)(527, 282508)(528, 282508)(529, 282508)(530, 282508)(531, 282508)(532, 282508)(533, 282508)(534, 282508)(535, 282508)(536, 282508)(537, 282508)(538, 282508)(539, 282508)(540, 282508)(541, 282508)(542, 282508)(543, 282508)(544, 282508)(545, 282508)(546, 282508)(547, 282508)(548, 282508)(549, 282508)(550, 282508)(551, 282508)(552, 282508)(553, 282508)(554, 282508)(555, 282508)(556, 282508)(557, 282508)(558, 282508)(559, 282508)(560, 282508)(561, 282508)(562, 282508)(563, 282508)(564, 282508)(565, 282508)(566, 282508)(567, 282508)(568, 282508)(569, 282508)(570, 282508)(571, 282508)(572, 282508)(573, 282508)(574, 282508)(575, 282508)(576, 282508)(577, 282508)(578, 282508)(579, 282508)(580, 282508)(581, 282508)(582, 282508)(583, 282508)(584, 282508)(585, 282508)(586, 282508)(587, 282508)(588, 282508)(589, 282508)(590, 282508)(591, 282508)(592, 282508)(593, 282508)(594, 282508)(595, 282508)(596, 282508)(597, 282508)(598, 282508)(599, 282508)(600, 282508)(601, 282508)(602, 282508)(603, 282508)(604, 282508)(605, 282508)(606, 282508)(607, 282508)(608, 282508)(609, 282508)(610, 282508)(611, 282508)(612, 282508)(613, 282508)(614, 282508)(615, 282508)(616, 282508)(617, 282508)(618, 282508)(619, 282508)(620, 282508)(621, 282508)(622, 282508)(623, 282508)(624, 282508)(625, 282508)(626, 282508)(627, 282508)(628, 282508)(629, 282508)(630, 282508)(631, 282508)(632, 282508)(633, 282508)(634, 282508)(635, 268725)(636, 268725)(637, 268725)(638, 268725)(639, 268725)(640, 268725)(641, 268725)(642, 268725)(643, 268725)(644, 268725)(645, 268725)(646, 268725)(647, 268725)(648, 268725)(649, 268725)(650, 268725)(651, 268725)(652, 268725)(653, 268725)(654, 268725)(655, 268725)(656, 268725)(657, 268725)(658, 268725)(659, 268725)(660, 268725)(661, 268725)(662, 268725)(663, 268725)(664, 268725)(665, 268725)(666, 268725)(667, 268725)(668, 268725)(669, 268725)(670, 268725)(671, 268725)(672, 268725)(673, 268725)(674, 268725)(675, 268725)(676, 268725)(677, 268725)(678, 268725)(679, 268725)(680, 268725)(681, 268725)(682, 268725)(683, 268725)(684, 268725)(685, 268725)(686, 268725)(687, 268725)(688, 268725)(689, 268725)(690, 268725)(691, 268725)(692, 268725)(693, 268725)(694, 268725)(695, 268725)(696, 268725)(697, 268725)(698, 268725)(699, 268725)(700, 268725)(701, 268725)(702, 268725)(703, 268725)(704, 268725)(705, 268725)(706, 268725)(707, 268725)(708, 268725)(709, 268725)(710, 268725)(711, 268725)(712, 268725)(713, 268725)(714, 268725)(715, 268725)(716, 268725)(717, 268725)(718, 268725)(719, 268725)(720, 268725)(721, 268725)(722, 268725)(723, 268725)(724, 268725)(725, 268725)(726, 268725)(727, 268725)(728, 268725)(729, 268725)(730, 268725)(731, 268725)(732, 268725)(733, 268725)(734, 268725)(735, 268725)(736, 268725)(737, 268725)(738, 268725)(739, 268725)(740, 268725)(741, 268725)(742, 268725)(743, 268725)(744, 268725)(745, 268725)(746, 268725)(747, 268725)(748, 268725)(749, 268725)(750, 268725)(751, 268725)(752, 268725)(753, 268725)(754, 268725)(755, 268725)(756, 268725)(757, 268725)(758, 268725)(759, 268725)(760, 268725)(761, 268725)(762, 268725)(763, 268725)(764, 268725)(765, 268725)(766, 268725)(767, 268725)(768, 268725)(769, 268725)(770, 268725)(771, 268725)(772, 268725)(773, 268725)(774, 268725)(775, 268725)(776, 268725)(777, 268725)(778, 268725)(779, 268725)(780, 268725)(781, 268725)(782, 268725)(783, 268725)(784, 268725)(785, 268725)(786, 268725)(787, 268725)(788, 268725)(789, 268725)(790, 268725)(791, 268725)(792, 268725)(793, 268725)(794, 268725)(795, 268725)(796, 268725)(797, 268725)(798, 268725)(799, 268725)
TIME 154.2469940185547
