Initial solution fitness: 315948
Optimal solution: 203714
ITERATION 0
ITERATION 100
ITERATION 200
ITERATION 300
ITERATION 400
ITERATION 500
ITERATION 600
ITERATION 700
Final solution fitness: 267740
Iteracion: 800
Temp: 7.548388345382461e-15
(0, 315948)(1, 315948)(2, 315948)(3, 315948)(4, 315948)(5, 315948)(6, 315948)(7, 315948)(8, 315948)(9, 315948)(10, 315948)(11, 315948)(12, 315948)(13, 315948)(14, 316581)(15, 316581)(16, 316581)(17, 316581)(18, 316581)(19, 316581)(20, 321914)(21, 321914)(22, 321914)(23, 321914)(24, 321914)(25, 321914)(26, 321914)(27, 321914)(28, 321914)(29, 321914)(30, 321914)(31, 321914)(32, 321914)(33, 321914)(34, 321914)(35, 321914)(36, 321914)(37, 321914)(38, 321914)(39, 321914)(40, 318518)(41, 318518)(42, 318518)(43, 318518)(44, 318518)(45, 318518)(46, 318518)(47, 318518)(48, 318518)(49, 318518)(50, 318518)(51, 318518)(52, 318518)(53, 318518)(54, 318518)(55, 318518)(56, 318518)(57, 318518)(58, 318518)(59, 318518)(60, 318518)(61, 318518)(62, 318518)(63, 318518)(64, 318518)(65, 318518)(66, 318518)(67, 318518)(68, 318518)(69, 318518)(70, 318518)(71, 318518)(72, 318518)(73, 318518)(74, 318518)(75, 318518)(76, 318518)(77, 318518)(78, 318518)(79, 318518)(80, 318518)(81, 318518)(82, 318518)(83, 315872)(84, 315872)(85, 315872)(86, 315872)(87, 315872)(88, 315872)(89, 299588)(90, 299588)(91, 299588)(92, 299588)(93, 299588)(94, 299588)(95, 299588)(96, 299588)(97, 299588)(98, 296634)(99, 296634)(100, 296634)(101, 296634)(102, 296634)(103, 296634)(104, 296634)(105, 296634)(106, 296634)(107, 296634)(108, 296634)(109, 296634)(110, 296634)(111, 296634)(112, 296634)(113, 296634)(114, 279284)(115, 279284)(116, 279284)(117, 279284)(118, 279284)(119, 279284)(120, 279284)(121, 279284)(122, 279284)(123, 279284)(124, 279284)(125, 279284)(126, 279284)(127, 279284)(128, 279284)(129, 279284)(130, 279284)(131, 279284)(132, 279284)(133, 279284)(134, 279284)(135, 279284)(136, 279284)(137, 279284)(138, 279284)(139, 279284)(140, 279284)(141, 278724)(142, 278724)(143, 278724)(144, 278724)(145, 278724)(146, 278724)(147, 278724)(148, 278724)(149, 278724)(150, 278724)(151, 278724)(152, 278724)(153, 278724)(154, 278724)(155, 278724)(156, 278724)(157, 267791)(158, 267791)(159, 267791)(160, 267791)(161, 267791)(162, 267791)(163, 267791)(164, 267791)(165, 267791)(166, 267791)(167, 267791)(168, 267791)(169, 267791)(170, 267791)(171, 267791)(172, 267791)(173, 267791)(174, 267791)(175, 267791)(176, 267791)(177, 267791)(178, 267791)(179, 267791)(180, 267791)(181, 267791)(182, 267791)(183, 267791)(184, 267791)(185, 267791)(186, 267791)(187, 267791)(188, 267791)(189, 267791)(190, 267791)(191, 267791)(192, 267791)(193, 267791)(194, 267791)(195, 267791)(196, 267791)(197, 267791)(198, 267791)(199, 267791)(200, 267791)(201, 267791)(202, 267791)(203, 267791)(204, 267791)(205, 267791)(206, 267791)(207, 267791)(208, 267791)(209, 267791)(210, 267791)(211, 267791)(212, 267791)(213, 267791)(214, 267791)(215, 267791)(216, 267791)(217, 267791)(218, 267791)(219, 267791)(220, 267791)(221, 267791)(222, 267791)(223, 267791)(224, 267791)(225, 267791)(226, 267791)(227, 267791)(228, 267791)(229, 267791)(230, 267791)(231, 267791)(232, 267791)(233, 267791)(234, 267791)(235, 267791)(236, 267791)(237, 267791)(238, 267791)(239, 267791)(240, 267791)(241, 267791)(242, 267791)(243, 267791)(244, 267791)(245, 267791)(246, 267791)(247, 267791)(248, 267791)(249, 267791)(250, 267791)(251, 267791)(252, 267791)(253, 267791)(254, 267791)(255, 267791)(256, 267791)(257, 267791)(258, 267791)(259, 267791)(260, 267791)(261, 267791)(262, 267791)(263, 267791)(264, 267791)(265, 267791)(266, 267791)(267, 267791)(268, 267791)(269, 267791)(270, 267791)(271, 267791)(272, 267791)(273, 267791)(274, 267791)(275, 267791)(276, 267791)(277, 267791)(278, 267791)(279, 267791)(280, 267791)(281, 267791)(282, 267791)(283, 267791)(284, 267791)(285, 267791)(286, 267791)(287, 267791)(288, 267791)(289, 267791)(290, 267791)(291, 267791)(292, 267791)(293, 267791)(294, 267791)(295, 267791)(296, 267791)(297, 267791)(298, 267791)(299, 267791)(300, 267791)(301, 267791)(302, 267791)(303, 267791)(304, 267791)(305, 267791)(306, 267791)(307, 267791)(308, 267791)(309, 267791)(310, 267791)(311, 267791)(312, 267791)(313, 267791)(314, 267791)(315, 267791)(316, 267791)(317, 267791)(318, 267791)(319, 267791)(320, 267791)(321, 267791)(322, 267791)(323, 267791)(324, 267791)(325, 267791)(326, 267791)(327, 267791)(328, 267791)(329, 267791)(330, 267791)(331, 267791)(332, 267791)(333, 267791)(334, 267791)(335, 267791)(336, 267791)(337, 267791)(338, 267791)(339, 267791)(340, 267791)(341, 267791)(342, 267791)(343, 267791)(344, 267791)(345, 267791)(346, 267791)(347, 267791)(348, 267791)(349, 267791)(350, 267791)(351, 267791)(352, 267791)(353, 267791)(354, 267791)(355, 267791)(356, 267791)(357, 267791)(358, 267791)(359, 267791)(360, 267791)(361, 267791)(362, 267791)(363, 267791)(364, 267791)(365, 267791)(366, 267791)(367, 267791)(368, 267791)(369, 267791)(370, 267791)(371, 267791)(372, 267791)(373, 267791)(374, 267791)(375, 267791)(376, 267791)(377, 267791)(378, 267791)(379, 267791)(380, 267791)(381, 267791)(382, 267791)(383, 267791)(384, 267791)(385, 267791)(386, 267791)(387, 267791)(388, 267791)(389, 267791)(390, 267791)(391, 267791)(392, 267791)(393, 267791)(394, 267791)(395, 267791)(396, 267791)(397, 267791)(398, 267791)(399, 267791)(400, 267791)(401, 267791)(402, 267791)(403, 267791)(404, 267791)(405, 267791)(406, 267791)(407, 267791)(408, 267791)(409, 267791)(410, 267791)(411, 267791)(412, 267791)(413, 267791)(414, 267791)(415, 267791)(416, 267791)(417, 267791)(418, 267791)(419, 267791)(420, 267791)(421, 267791)(422, 267791)(423, 267791)(424, 267791)(425, 267791)(426, 267791)(427, 267791)(428, 267791)(429, 267791)(430, 267791)(431, 267791)(432, 267791)(433, 267791)(434, 267791)(435, 267791)(436, 267791)(437, 267791)(438, 267791)(439, 267791)(440, 267791)(441, 267791)(442, 267791)(443, 267791)(444, 267791)(445, 267791)(446, 267791)(447, 267791)(448, 267791)(449, 267791)(450, 267791)(451, 267791)(452, 267791)(453, 267791)(454, 267791)(455, 267791)(456, 267791)(457, 267791)(458, 267791)(459, 267791)(460, 267791)(461, 267791)(462, 267791)(463, 267791)(464, 267791)(465, 267791)(466, 267791)(467, 267791)(468, 267791)(469, 267791)(470, 267791)(471, 267791)(472, 267791)(473, 267791)(474, 267791)(475, 267791)(476, 267791)(477, 267791)(478, 267791)(479, 267791)(480, 267791)(481, 267791)(482, 267791)(483, 267791)(484, 267791)(485, 267791)(486, 267791)(487, 267791)(488, 267791)(489, 267791)(490, 267791)(491, 267791)(492, 267791)(493, 267791)(494, 267791)(495, 267791)(496, 267791)(497, 267791)(498, 267791)(499, 267791)(500, 267791)(501, 267791)(502, 267791)(503, 267791)(504, 267791)(505, 267791)(506, 267791)(507, 267791)(508, 267791)(509, 267791)(510, 267791)(511, 267791)(512, 267791)(513, 267791)(514, 267791)(515, 267791)(516, 267791)(517, 267791)(518, 267791)(519, 267791)(520, 267791)(521, 267791)(522, 267791)(523, 267791)(524, 267791)(525, 267791)(526, 267791)(527, 267791)(528, 267791)(529, 267791)(530, 267791)(531, 267791)(532, 267791)(533, 267791)(534, 267791)(535, 267791)(536, 267791)(537, 267791)(538, 267791)(539, 267791)(540, 267791)(541, 267791)(542, 267791)(543, 267791)(544, 267791)(545, 267791)(546, 267791)(547, 267791)(548, 267791)(549, 267791)(550, 267791)(551, 267791)(552, 267791)(553, 267791)(554, 267791)(555, 267791)(556, 267791)(557, 267791)(558, 267791)(559, 267791)(560, 267791)(561, 267791)(562, 267791)(563, 267791)(564, 267791)(565, 267791)(566, 267791)(567, 267791)(568, 267791)(569, 267791)(570, 267791)(571, 267791)(572, 267791)(573, 267791)(574, 267791)(575, 267791)(576, 267791)(577, 267791)(578, 267791)(579, 267791)(580, 267791)(581, 267791)(582, 267791)(583, 267791)(584, 267791)(585, 267791)(586, 267791)(587, 267791)(588, 267791)(589, 267791)(590, 267791)(591, 267791)(592, 267791)(593, 267791)(594, 267791)(595, 267791)(596, 267791)(597, 267791)(598, 267791)(599, 267791)(600, 267791)(601, 267791)(602, 267791)(603, 267791)(604, 267791)(605, 267791)(606, 267791)(607, 267791)(608, 267791)(609, 267791)(610, 267791)(611, 267791)(612, 267791)(613, 267791)(614, 267791)(615, 267791)(616, 267791)(617, 267791)(618, 267791)(619, 267791)(620, 267791)(621, 267791)(622, 267791)(623, 267791)(624, 267791)(625, 267791)(626, 267791)(627, 267791)(628, 267791)(629, 267791)(630, 267791)(631, 267791)(632, 267791)(633, 267791)(634, 267791)(635, 267791)(636, 267791)(637, 267791)(638, 267791)(639, 267791)(640, 267791)(641, 267791)(642, 267791)(643, 267791)(644, 267791)(645, 267791)(646, 267791)(647, 267791)(648, 267791)(649, 267791)(650, 267791)(651, 267791)(652, 267791)(653, 267791)(654, 267791)(655, 267791)(656, 267791)(657, 267791)(658, 267791)(659, 267791)(660, 267791)(661, 267791)(662, 267791)(663, 267791)(664, 267791)(665, 267791)(666, 267791)(667, 267791)(668, 267791)(669, 267791)(670, 267791)(671, 267791)(672, 267791)(673, 267791)(674, 267791)(675, 267791)(676, 267791)(677, 267791)(678, 267791)(679, 267791)(680, 267791)(681, 267791)(682, 267791)(683, 267791)(684, 267791)(685, 267791)(686, 267791)(687, 267791)(688, 267791)(689, 267791)(690, 267791)(691, 267791)(692, 267791)(693, 267791)(694, 267791)(695, 267791)(696, 267791)(697, 267791)(698, 267791)(699, 267791)(700, 267791)(701, 267791)(702, 267791)(703, 267791)(704, 267791)(705, 267791)(706, 267791)(707, 267791)(708, 267791)(709, 267791)(710, 267791)(711, 267791)(712, 267791)(713, 267791)(714, 267791)(715, 267791)(716, 267791)(717, 267791)(718, 267791)(719, 267791)(720, 267791)(721, 267791)(722, 267791)(723, 267791)(724, 267791)(725, 267791)(726, 267791)(727, 267791)(728, 267791)(729, 267791)(730, 267791)(731, 267791)(732, 267791)(733, 267791)(734, 267791)(735, 267791)(736, 267791)(737, 267791)(738, 267791)(739, 267791)(740, 267791)(741, 267791)(742, 267791)(743, 267791)(744, 267791)(745, 267791)(746, 267791)(747, 267791)(748, 267791)(749, 267791)(750, 267791)(751, 267791)(752, 267791)(753, 267791)(754, 267791)(755, 267791)(756, 267791)(757, 267791)(758, 267791)(759, 267791)(760, 267791)(761, 267791)(762, 267791)(763, 267791)(764, 267791)(765, 267791)(766, 267791)(767, 267791)(768, 267791)(769, 267791)(770, 267791)(771, 267791)(772, 267791)(773, 267791)(774, 267740)(775, 267740)(776, 267740)(777, 267740)(778, 267740)(779, 267740)(780, 267740)(781, 267740)(782, 267740)(783, 267740)(784, 267740)(785, 267740)(786, 267740)(787, 267740)(788, 267740)(789, 267740)(790, 267740)(791, 267740)(792, 267740)(793, 267740)(794, 267740)(795, 267740)(796, 267740)(797, 267740)(798, 267740)(799, 267740)
TIME 160.80667781829834
