Initial solution fitness: 315948
Optimal solution: 203714
ITERATION 0
ITERATION 100
ITERATION 200
ITERATION 300
ITERATION 400
ITERATION 500
ITERATION 600
ITERATION 700
Final solution fitness: 272710
Iteracion: 800
Temp: 1.5096776690764924e-13
(0, 315948)(1, 315948)(2, 399021)(3, 367621)(4, 367621)(5, 353519)(6, 353519)(7, 320351)(8, 320351)(9, 320351)(10, 320351)(11, 320351)(12, 370268)(13, 371657)(14, 346649)(15, 346649)(16, 346649)(17, 419278)(18, 404038)(19, 447522)(20, 423821)(21, 365124)(22, 407473)(23, 424796)(24, 424796)(25, 413267)(26, 345529)(27, 367183)(28, 347162)(29, 353499)(30, 335847)(31, 324932)(32, 324932)(33, 324932)(34, 324932)(35, 324932)(36, 324932)(37, 324932)(38, 324932)(39, 324932)(40, 374776)(41, 380674)(42, 335698)(43, 335698)(44, 322257)(45, 322257)(46, 315119)(47, 315119)(48, 315119)(49, 315119)(50, 315119)(51, 315119)(52, 315119)(53, 315119)(54, 315119)(55, 315119)(56, 315119)(57, 315119)(58, 315119)(59, 315119)(60, 315119)(61, 315119)(62, 315119)(63, 315119)(64, 307092)(65, 307092)(66, 307092)(67, 307092)(68, 307092)(69, 307092)(70, 307092)(71, 307092)(72, 307092)(73, 307092)(74, 307092)(75, 307092)(76, 307092)(77, 307092)(78, 307092)(79, 307092)(80, 307092)(81, 307092)(82, 307092)(83, 307092)(84, 307092)(85, 307092)(86, 307092)(87, 307092)(88, 307092)(89, 306393)(90, 306393)(91, 306393)(92, 306393)(93, 306393)(94, 306393)(95, 306393)(96, 306393)(97, 306393)(98, 306393)(99, 306393)(100, 306393)(101, 306393)(102, 306393)(103, 306393)(104, 306393)(105, 306393)(106, 306393)(107, 306393)(108, 306393)(109, 306393)(110, 306393)(111, 306393)(112, 306393)(113, 306393)(114, 306393)(115, 306393)(116, 306393)(117, 306393)(118, 306393)(119, 306393)(120, 306393)(121, 306393)(122, 306393)(123, 306393)(124, 306393)(125, 306393)(126, 306393)(127, 306393)(128, 306393)(129, 306393)(130, 306393)(131, 306393)(132, 306393)(133, 306393)(134, 306393)(135, 306393)(136, 306393)(137, 306393)(138, 306393)(139, 306393)(140, 306393)(141, 306393)(142, 306393)(143, 306393)(144, 306393)(145, 306393)(146, 306393)(147, 300910)(148, 300910)(149, 300910)(150, 300910)(151, 300910)(152, 300910)(153, 300910)(154, 300910)(155, 300910)(156, 300910)(157, 300910)(158, 300910)(159, 300910)(160, 300910)(161, 300910)(162, 300910)(163, 300910)(164, 300910)(165, 300910)(166, 300910)(167, 300910)(168, 300910)(169, 300910)(170, 300910)(171, 300910)(172, 300910)(173, 300910)(174, 300910)(175, 300910)(176, 300910)(177, 300910)(178, 300910)(179, 300910)(180, 300910)(181, 300910)(182, 300910)(183, 300910)(184, 300910)(185, 300910)(186, 300910)(187, 300910)(188, 300910)(189, 300910)(190, 300910)(191, 300910)(192, 300910)(193, 300910)(194, 300910)(195, 300910)(196, 300910)(197, 300910)(198, 300910)(199, 300910)(200, 300910)(201, 300910)(202, 300910)(203, 300910)(204, 300910)(205, 300910)(206, 300910)(207, 300910)(208, 300910)(209, 300910)(210, 300910)(211, 300910)(212, 300910)(213, 300910)(214, 300910)(215, 300910)(216, 300910)(217, 300910)(218, 300910)(219, 300910)(220, 300910)(221, 300910)(222, 300910)(223, 300910)(224, 300910)(225, 300910)(226, 300910)(227, 300910)(228, 300910)(229, 300910)(230, 300910)(231, 300910)(232, 300910)(233, 300910)(234, 300910)(235, 300910)(236, 300910)(237, 300910)(238, 300910)(239, 300910)(240, 300910)(241, 300910)(242, 300910)(243, 300910)(244, 300910)(245, 300910)(246, 300910)(247, 300910)(248, 300910)(249, 300910)(250, 300910)(251, 300910)(252, 300910)(253, 300910)(254, 300910)(255, 300910)(256, 300910)(257, 300910)(258, 300910)(259, 300910)(260, 300910)(261, 300910)(262, 300910)(263, 300910)(264, 300910)(265, 300910)(266, 300910)(267, 300910)(268, 300910)(269, 298947)(270, 298947)(271, 298947)(272, 298947)(273, 298947)(274, 298947)(275, 298947)(276, 298947)(277, 298947)(278, 298947)(279, 298947)(280, 298947)(281, 298947)(282, 298947)(283, 298947)(284, 298947)(285, 298947)(286, 298947)(287, 298947)(288, 298947)(289, 298947)(290, 298947)(291, 298947)(292, 298947)(293, 298947)(294, 298947)(295, 298947)(296, 298947)(297, 298947)(298, 298947)(299, 298947)(300, 298947)(301, 298947)(302, 298947)(303, 298947)(304, 298947)(305, 298947)(306, 298947)(307, 298947)(308, 298947)(309, 298947)(310, 298947)(311, 298947)(312, 298947)(313, 298947)(314, 298947)(315, 298947)(316, 298947)(317, 298947)(318, 298947)(319, 298947)(320, 298947)(321, 298947)(322, 298947)(323, 298947)(324, 298947)(325, 298947)(326, 298947)(327, 298947)(328, 298947)(329, 298947)(330, 298947)(331, 298947)(332, 298947)(333, 298947)(334, 298947)(335, 298947)(336, 298947)(337, 298947)(338, 298947)(339, 298947)(340, 298947)(341, 298947)(342, 298947)(343, 298947)(344, 298947)(345, 298947)(346, 298947)(347, 298947)(348, 298947)(349, 298947)(350, 298947)(351, 298947)(352, 298947)(353, 298947)(354, 298947)(355, 298947)(356, 298947)(357, 298947)(358, 298947)(359, 298947)(360, 298947)(361, 298947)(362, 298947)(363, 298947)(364, 298947)(365, 298947)(366, 298947)(367, 298947)(368, 298947)(369, 298947)(370, 298947)(371, 298947)(372, 298947)(373, 298947)(374, 298947)(375, 298947)(376, 298947)(377, 298947)(378, 298947)(379, 298947)(380, 298947)(381, 298947)(382, 298947)(383, 298947)(384, 298947)(385, 298947)(386, 298947)(387, 298947)(388, 298947)(389, 298947)(390, 298947)(391, 298947)(392, 298947)(393, 298947)(394, 298947)(395, 298947)(396, 298947)(397, 298947)(398, 298947)(399, 298947)(400, 298947)(401, 298947)(402, 298947)(403, 298947)(404, 298947)(405, 298947)(406, 298947)(407, 298947)(408, 298947)(409, 298947)(410, 298947)(411, 298947)(412, 298947)(413, 298947)(414, 298947)(415, 298947)(416, 298947)(417, 298947)(418, 298947)(419, 298947)(420, 298947)(421, 298947)(422, 298947)(423, 298947)(424, 298947)(425, 298947)(426, 298947)(427, 298947)(428, 298947)(429, 298947)(430, 298947)(431, 298947)(432, 298947)(433, 298947)(434, 298947)(435, 298947)(436, 298947)(437, 298947)(438, 298947)(439, 298947)(440, 298947)(441, 298947)(442, 298947)(443, 298947)(444, 298947)(445, 298947)(446, 298947)(447, 298947)(448, 298947)(449, 298947)(450, 298947)(451, 298947)(452, 298947)(453, 298947)(454, 298947)(455, 298947)(456, 298947)(457, 298947)(458, 298947)(459, 298947)(460, 298947)(461, 298947)(462, 298947)(463, 298947)(464, 298947)(465, 298947)(466, 298947)(467, 298947)(468, 298947)(469, 298947)(470, 298947)(471, 298947)(472, 298947)(473, 298947)(474, 298947)(475, 298947)(476, 298947)(477, 298947)(478, 298947)(479, 298947)(480, 298947)(481, 298947)(482, 298947)(483, 298947)(484, 298947)(485, 298947)(486, 298947)(487, 298947)(488, 298947)(489, 298947)(490, 298947)(491, 298947)(492, 298947)(493, 298947)(494, 298947)(495, 298947)(496, 298947)(497, 298947)(498, 298947)(499, 298947)(500, 298947)(501, 298947)(502, 298947)(503, 298947)(504, 298947)(505, 298947)(506, 298947)(507, 298947)(508, 298947)(509, 298947)(510, 298947)(511, 298947)(512, 298947)(513, 298947)(514, 298947)(515, 298947)(516, 298947)(517, 298947)(518, 298947)(519, 298947)(520, 298947)(521, 298947)(522, 298947)(523, 298947)(524, 298947)(525, 298947)(526, 298947)(527, 298947)(528, 298947)(529, 295168)(530, 295168)(531, 295168)(532, 295168)(533, 295168)(534, 295168)(535, 295168)(536, 295168)(537, 295168)(538, 295168)(539, 295168)(540, 295168)(541, 295168)(542, 295168)(543, 295168)(544, 295168)(545, 295168)(546, 295168)(547, 295168)(548, 295168)(549, 295168)(550, 295168)(551, 295168)(552, 295168)(553, 295168)(554, 295168)(555, 295168)(556, 295168)(557, 295168)(558, 295168)(559, 295168)(560, 295168)(561, 295168)(562, 295168)(563, 295168)(564, 295168)(565, 295168)(566, 295168)(567, 295168)(568, 295168)(569, 295168)(570, 295168)(571, 295168)(572, 295168)(573, 295168)(574, 295168)(575, 295168)(576, 295168)(577, 295168)(578, 295168)(579, 295168)(580, 295168)(581, 277724)(582, 277724)(583, 277724)(584, 277724)(585, 277724)(586, 277724)(587, 277724)(588, 277724)(589, 277724)(590, 277724)(591, 277724)(592, 277724)(593, 277724)(594, 277724)(595, 277724)(596, 277724)(597, 277724)(598, 277724)(599, 277724)(600, 277724)(601, 277724)(602, 277724)(603, 277724)(604, 277724)(605, 277724)(606, 277724)(607, 277724)(608, 277724)(609, 277724)(610, 277724)(611, 274461)(612, 274461)(613, 274461)(614, 274461)(615, 274461)(616, 274461)(617, 274461)(618, 274461)(619, 274461)(620, 274461)(621, 274461)(622, 274461)(623, 274461)(624, 274461)(625, 274461)(626, 274461)(627, 274461)(628, 274461)(629, 274461)(630, 274461)(631, 274461)(632, 274461)(633, 274461)(634, 274461)(635, 274461)(636, 274461)(637, 274461)(638, 274461)(639, 274461)(640, 274461)(641, 274461)(642, 274461)(643, 274461)(644, 274461)(645, 274461)(646, 274461)(647, 274461)(648, 274461)(649, 274461)(650, 274461)(651, 274461)(652, 274461)(653, 274461)(654, 274461)(655, 274461)(656, 274461)(657, 274461)(658, 272710)(659, 272710)(660, 272710)(661, 272710)(662, 272710)(663, 272710)(664, 272710)(665, 272710)(666, 272710)(667, 272710)(668, 272710)(669, 272710)(670, 272710)(671, 272710)(672, 272710)(673, 272710)(674, 272710)(675, 272710)(676, 272710)(677, 272710)(678, 272710)(679, 272710)(680, 272710)(681, 272710)(682, 272710)(683, 272710)(684, 272710)(685, 272710)(686, 272710)(687, 272710)(688, 272710)(689, 272710)(690, 272710)(691, 272710)(692, 272710)(693, 272710)(694, 272710)(695, 272710)(696, 272710)(697, 272710)(698, 272710)(699, 272710)(700, 272710)(701, 272710)(702, 272710)(703, 272710)(704, 272710)(705, 272710)(706, 272710)(707, 272710)(708, 272710)(709, 272710)(710, 272710)(711, 272710)(712, 272710)(713, 272710)(714, 272710)(715, 272710)(716, 272710)(717, 272710)(718, 272710)(719, 272710)(720, 272710)(721, 272710)(722, 272710)(723, 272710)(724, 272710)(725, 272710)(726, 272710)(727, 272710)(728, 272710)(729, 272710)(730, 272710)(731, 272710)(732, 272710)(733, 272710)(734, 272710)(735, 272710)(736, 272710)(737, 272710)(738, 272710)(739, 272710)(740, 272710)(741, 272710)(742, 272710)(743, 272710)(744, 272710)(745, 272710)(746, 272710)(747, 272710)(748, 272710)(749, 272710)(750, 272710)(751, 272710)(752, 272710)(753, 272710)(754, 272710)(755, 272710)(756, 272710)(757, 272710)(758, 272710)(759, 272710)(760, 272710)(761, 272710)(762, 272710)(763, 272710)(764, 272710)(765, 272710)(766, 272710)(767, 272710)(768, 272710)(769, 272710)(770, 272710)(771, 272710)(772, 272710)(773, 272710)(774, 272710)(775, 272710)(776, 272710)(777, 272710)(778, 272710)(779, 272710)(780, 272710)(781, 272710)(782, 272710)(783, 272710)(784, 272710)(785, 272710)(786, 272710)(787, 272710)(788, 272710)(789, 272710)(790, 272710)(791, 272710)(792, 272710)(793, 272710)(794, 272710)(795, 272710)(796, 272710)(797, 272710)(798, 272710)(799, 272710)
TIME 144.65854120254517
