Initial solution fitness: 315948
Optimal solution: 203714
ITERATION 0
ITERATION 100
ITERATION 200
ITERATION 300
ITERATION 400
ITERATION 500
ITERATION 600
ITERATION 700
Final solution fitness: 280941
Iteracion: 800
Temp: 1.4823801739499566e-74
(0, 315948)(1, 303513)(2, 303513)(3, 303513)(4, 303513)(5, 303513)(6, 303513)(7, 303513)(8, 303513)(9, 303513)(10, 303513)(11, 303513)(12, 303513)(13, 303513)(14, 303513)(15, 303513)(16, 303513)(17, 303513)(18, 303513)(19, 303513)(20, 303513)(21, 303513)(22, 303513)(23, 303513)(24, 303513)(25, 303513)(26, 303513)(27, 303513)(28, 303513)(29, 303513)(30, 303513)(31, 303513)(32, 303513)(33, 303513)(34, 303513)(35, 303513)(36, 303513)(37, 303513)(38, 303513)(39, 303513)(40, 291653)(41, 291653)(42, 291653)(43, 291653)(44, 291653)(45, 291653)(46, 291653)(47, 291653)(48, 291653)(49, 291653)(50, 287443)(51, 287443)(52, 287443)(53, 287443)(54, 287443)(55, 287443)(56, 287443)(57, 287443)(58, 287443)(59, 287443)(60, 287443)(61, 287443)(62, 287443)(63, 287443)(64, 287443)(65, 287443)(66, 287443)(67, 287443)(68, 287443)(69, 287443)(70, 287443)(71, 287443)(72, 287443)(73, 287443)(74, 287443)(75, 287443)(76, 287443)(77, 287443)(78, 287443)(79, 287443)(80, 287443)(81, 287443)(82, 287443)(83, 287443)(84, 287443)(85, 287443)(86, 287443)(87, 287443)(88, 287443)(89, 287443)(90, 287443)(91, 287443)(92, 287443)(93, 287443)(94, 287443)(95, 287443)(96, 287443)(97, 287443)(98, 287443)(99, 287443)(100, 287443)(101, 287443)(102, 287443)(103, 287443)(104, 287443)(105, 287443)(106, 287443)(107, 287443)(108, 287443)(109, 287443)(110, 287443)(111, 287443)(112, 287443)(113, 287443)(114, 287443)(115, 287443)(116, 287443)(117, 287443)(118, 287443)(119, 287443)(120, 287443)(121, 287443)(122, 287443)(123, 287443)(124, 287443)(125, 287443)(126, 287443)(127, 287443)(128, 287443)(129, 287443)(130, 287443)(131, 287443)(132, 287443)(133, 287443)(134, 287443)(135, 287443)(136, 287443)(137, 287443)(138, 287443)(139, 287443)(140, 287443)(141, 287443)(142, 287443)(143, 287443)(144, 287443)(145, 287443)(146, 287443)(147, 287443)(148, 287443)(149, 287443)(150, 287443)(151, 287443)(152, 287443)(153, 287443)(154, 287443)(155, 287443)(156, 287443)(157, 287443)(158, 287443)(159, 287443)(160, 287443)(161, 287443)(162, 287443)(163, 287443)(164, 287443)(165, 287443)(166, 287443)(167, 287443)(168, 287443)(169, 287443)(170, 287443)(171, 287443)(172, 287443)(173, 287443)(174, 287443)(175, 286083)(176, 286083)(177, 286083)(178, 286083)(179, 286083)(180, 286083)(181, 286083)(182, 286083)(183, 286083)(184, 286083)(185, 286083)(186, 286083)(187, 286083)(188, 286083)(189, 286083)(190, 286083)(191, 286083)(192, 286083)(193, 286083)(194, 286083)(195, 286083)(196, 286083)(197, 286083)(198, 286083)(199, 286083)(200, 286083)(201, 286083)(202, 286083)(203, 286083)(204, 286083)(205, 286083)(206, 286083)(207, 286083)(208, 286083)(209, 286083)(210, 286083)(211, 286083)(212, 286083)(213, 286083)(214, 286083)(215, 286083)(216, 286083)(217, 286083)(218, 286083)(219, 286083)(220, 286083)(221, 286083)(222, 286083)(223, 286083)(224, 286083)(225, 286083)(226, 286083)(227, 286083)(228, 286083)(229, 286083)(230, 286083)(231, 286083)(232, 286083)(233, 286083)(234, 286083)(235, 286083)(236, 286083)(237, 286083)(238, 286083)(239, 286083)(240, 286083)(241, 286083)(242, 286083)(243, 286083)(244, 286083)(245, 286083)(246, 286083)(247, 286083)(248, 286083)(249, 286083)(250, 286083)(251, 286083)(252, 286083)(253, 286083)(254, 286083)(255, 286083)(256, 283683)(257, 283683)(258, 283683)(259, 283683)(260, 283683)(261, 283683)(262, 283683)(263, 283683)(264, 283683)(265, 283683)(266, 283683)(267, 283683)(268, 283683)(269, 283683)(270, 283683)(271, 283683)(272, 283683)(273, 283683)(274, 283683)(275, 283683)(276, 283683)(277, 283683)(278, 283683)(279, 283683)(280, 283683)(281, 283683)(282, 283683)(283, 283683)(284, 283683)(285, 283683)(286, 283683)(287, 283683)(288, 283683)(289, 283683)(290, 283683)(291, 283683)(292, 283683)(293, 283683)(294, 283683)(295, 283683)(296, 283683)(297, 283683)(298, 283683)(299, 283683)(300, 283683)(301, 283683)(302, 283683)(303, 283683)(304, 283683)(305, 283683)(306, 283683)(307, 283683)(308, 283683)(309, 283683)(310, 283683)(311, 283683)(312, 283683)(313, 283683)(314, 283683)(315, 283683)(316, 283683)(317, 283683)(318, 283683)(319, 283683)(320, 283683)(321, 283683)(322, 283683)(323, 283683)(324, 283683)(325, 283683)(326, 283683)(327, 283683)(328, 283683)(329, 283683)(330, 283683)(331, 283683)(332, 283683)(333, 283683)(334, 283683)(335, 283683)(336, 283683)(337, 283683)(338, 283683)(339, 283683)(340, 283683)(341, 283683)(342, 283683)(343, 283683)(344, 283683)(345, 283683)(346, 283683)(347, 283683)(348, 283683)(349, 283683)(350, 283683)(351, 283683)(352, 283683)(353, 283683)(354, 283683)(355, 283683)(356, 283683)(357, 283683)(358, 283683)(359, 283683)(360, 283683)(361, 283683)(362, 283683)(363, 283683)(364, 283683)(365, 283683)(366, 283683)(367, 283683)(368, 283683)(369, 283683)(370, 283683)(371, 283683)(372, 283683)(373, 283683)(374, 283683)(375, 283683)(376, 283683)(377, 283683)(378, 283683)(379, 283683)(380, 283683)(381, 283683)(382, 283683)(383, 283683)(384, 283683)(385, 283683)(386, 283683)(387, 283683)(388, 283683)(389, 283683)(390, 283683)(391, 283683)(392, 283683)(393, 283683)(394, 283683)(395, 283683)(396, 283683)(397, 283683)(398, 283683)(399, 283683)(400, 283683)(401, 283683)(402, 283683)(403, 283683)(404, 283683)(405, 283683)(406, 283683)(407, 283683)(408, 283683)(409, 281488)(410, 281488)(411, 281488)(412, 281488)(413, 281488)(414, 281488)(415, 281488)(416, 281488)(417, 281488)(418, 281488)(419, 281488)(420, 281488)(421, 281488)(422, 281488)(423, 281488)(424, 281488)(425, 281488)(426, 281488)(427, 281488)(428, 281488)(429, 281488)(430, 281488)(431, 281488)(432, 281488)(433, 281488)(434, 281488)(435, 281488)(436, 281488)(437, 281488)(438, 281488)(439, 281488)(440, 281488)(441, 281488)(442, 281488)(443, 281488)(444, 281488)(445, 281488)(446, 281488)(447, 281488)(448, 281488)(449, 281488)(450, 281488)(451, 281488)(452, 281488)(453, 281488)(454, 281488)(455, 281488)(456, 281488)(457, 281488)(458, 281488)(459, 281488)(460, 281488)(461, 281488)(462, 281488)(463, 281488)(464, 281488)(465, 281488)(466, 281488)(467, 281488)(468, 281488)(469, 281488)(470, 281488)(471, 281488)(472, 281488)(473, 281488)(474, 281488)(475, 281488)(476, 281488)(477, 281488)(478, 281488)(479, 281488)(480, 281488)(481, 281488)(482, 281488)(483, 281488)(484, 281488)(485, 281488)(486, 281488)(487, 281488)(488, 281488)(489, 281488)(490, 281488)(491, 281488)(492, 281488)(493, 281488)(494, 281488)(495, 281488)(496, 281488)(497, 281488)(498, 281488)(499, 281488)(500, 281488)(501, 281488)(502, 281488)(503, 281488)(504, 281488)(505, 281488)(506, 281488)(507, 281488)(508, 281488)(509, 281488)(510, 281488)(511, 281488)(512, 281488)(513, 281488)(514, 281488)(515, 281488)(516, 281488)(517, 281488)(518, 281488)(519, 281488)(520, 281488)(521, 281488)(522, 281488)(523, 281488)(524, 281488)(525, 281488)(526, 281488)(527, 281488)(528, 281488)(529, 281488)(530, 281488)(531, 281488)(532, 281488)(533, 281488)(534, 281488)(535, 281488)(536, 281488)(537, 281488)(538, 281488)(539, 281488)(540, 281488)(541, 281488)(542, 281488)(543, 281488)(544, 281488)(545, 281488)(546, 281488)(547, 281488)(548, 281488)(549, 281488)(550, 281488)(551, 281488)(552, 281488)(553, 281488)(554, 281488)(555, 281488)(556, 281488)(557, 281488)(558, 281488)(559, 281488)(560, 281488)(561, 281488)(562, 281488)(563, 281488)(564, 281488)(565, 281488)(566, 280941)(567, 280941)(568, 280941)(569, 280941)(570, 280941)(571, 280941)(572, 280941)(573, 280941)(574, 280941)(575, 280941)(576, 280941)(577, 280941)(578, 280941)(579, 280941)(580, 280941)(581, 280941)(582, 280941)(583, 280941)(584, 280941)(585, 280941)(586, 280941)(587, 280941)(588, 280941)(589, 280941)(590, 280941)(591, 280941)(592, 280941)(593, 280941)(594, 280941)(595, 280941)(596, 280941)(597, 280941)(598, 280941)(599, 280941)(600, 280941)(601, 280941)(602, 280941)(603, 280941)(604, 280941)(605, 280941)(606, 280941)(607, 280941)(608, 280941)(609, 280941)(610, 280941)(611, 280941)(612, 280941)(613, 280941)(614, 280941)(615, 280941)(616, 280941)(617, 280941)(618, 280941)(619, 280941)(620, 280941)(621, 280941)(622, 280941)(623, 280941)(624, 280941)(625, 280941)(626, 280941)(627, 280941)(628, 280941)(629, 280941)(630, 280941)(631, 280941)(632, 280941)(633, 280941)(634, 280941)(635, 280941)(636, 280941)(637, 280941)(638, 280941)(639, 280941)(640, 280941)(641, 280941)(642, 280941)(643, 280941)(644, 280941)(645, 280941)(646, 280941)(647, 280941)(648, 280941)(649, 280941)(650, 280941)(651, 280941)(652, 280941)(653, 280941)(654, 280941)(655, 280941)(656, 280941)(657, 280941)(658, 280941)(659, 280941)(660, 280941)(661, 280941)(662, 280941)(663, 280941)(664, 280941)(665, 280941)(666, 280941)(667, 280941)(668, 280941)(669, 280941)(670, 280941)(671, 280941)(672, 280941)(673, 280941)(674, 280941)(675, 280941)(676, 280941)(677, 280941)(678, 280941)(679, 280941)(680, 280941)(681, 280941)(682, 280941)(683, 280941)(684, 280941)(685, 280941)(686, 280941)(687, 280941)(688, 280941)(689, 280941)(690, 280941)(691, 280941)(692, 280941)(693, 280941)(694, 280941)(695, 280941)(696, 280941)(697, 280941)(698, 280941)(699, 280941)(700, 280941)(701, 280941)(702, 280941)(703, 280941)(704, 280941)(705, 280941)(706, 280941)(707, 280941)(708, 280941)(709, 280941)(710, 280941)(711, 280941)(712, 280941)(713, 280941)(714, 280941)(715, 280941)(716, 280941)(717, 280941)(718, 280941)(719, 280941)(720, 280941)(721, 280941)(722, 280941)(723, 280941)(724, 280941)(725, 280941)(726, 280941)(727, 280941)(728, 280941)(729, 280941)(730, 280941)(731, 280941)(732, 280941)(733, 280941)(734, 280941)(735, 280941)(736, 280941)(737, 280941)(738, 280941)(739, 280941)(740, 280941)(741, 280941)(742, 280941)(743, 280941)(744, 280941)(745, 280941)(746, 280941)(747, 280941)(748, 280941)(749, 280941)(750, 280941)(751, 280941)(752, 280941)(753, 280941)(754, 280941)(755, 280941)(756, 280941)(757, 280941)(758, 280941)(759, 280941)(760, 280941)(761, 280941)(762, 280941)(763, 280941)(764, 280941)(765, 280941)(766, 280941)(767, 280941)(768, 280941)(769, 280941)(770, 280941)(771, 280941)(772, 280941)(773, 280941)(774, 280941)(775, 280941)(776, 280941)(777, 280941)(778, 280941)(779, 280941)(780, 280941)(781, 280941)(782, 280941)(783, 280941)(784, 280941)(785, 280941)(786, 280941)(787, 280941)(788, 280941)(789, 280941)(790, 280941)(791, 280941)(792, 280941)(793, 280941)(794, 280941)(795, 280941)(796, 280941)(797, 280941)(798, 280941)(799, 280941)
TIME 167.69452214241028
