Initial solution fitness: 315948
Optimal solution: 203714
ITERATION 0
ITERATION 100
ITERATION 200
ITERATION 300
ITERATION 400
ITERATION 500
ITERATION 600
ITERATION 700
Final solution fitness: 271161
Iteracion: 800
Temp: 3.0193553381529844e-14
(0, 315948)(1, 315948)(2, 315948)(3, 315948)(4, 315948)(5, 315948)(6, 315948)(7, 358012)(8, 358012)(9, 358012)(10, 358012)(11, 363994)(12, 355187)(13, 354828)(14, 354828)(15, 321169)(16, 321169)(17, 321169)(18, 321169)(19, 321169)(20, 321169)(21, 320119)(22, 336981)(23, 336981)(24, 336981)(25, 330053)(26, 330053)(27, 330053)(28, 330053)(29, 330053)(30, 330053)(31, 330053)(32, 330053)(33, 330053)(34, 330053)(35, 332535)(36, 332535)(37, 332535)(38, 332535)(39, 332535)(40, 332535)(41, 334679)(42, 334679)(43, 334679)(44, 334679)(45, 334679)(46, 334679)(47, 334679)(48, 334679)(49, 334679)(50, 334679)(51, 334679)(52, 334679)(53, 308259)(54, 308259)(55, 308259)(56, 308259)(57, 308259)(58, 308259)(59, 308259)(60, 308259)(61, 308259)(62, 308259)(63, 308259)(64, 308259)(65, 308259)(66, 308259)(67, 308259)(68, 308259)(69, 308259)(70, 308259)(71, 308259)(72, 308259)(73, 308259)(74, 308259)(75, 308259)(76, 308259)(77, 308259)(78, 308259)(79, 308259)(80, 308259)(81, 308259)(82, 308259)(83, 308259)(84, 308259)(85, 308259)(86, 308259)(87, 308259)(88, 308259)(89, 308259)(90, 308259)(91, 308259)(92, 308259)(93, 308259)(94, 308259)(95, 308259)(96, 308259)(97, 308259)(98, 308259)(99, 308259)(100, 308259)(101, 308259)(102, 308259)(103, 308259)(104, 308259)(105, 308259)(106, 308259)(107, 308259)(108, 308259)(109, 308259)(110, 308259)(111, 308259)(112, 308259)(113, 308259)(114, 308259)(115, 308259)(116, 308259)(117, 308259)(118, 308259)(119, 308259)(120, 308259)(121, 308259)(122, 308259)(123, 308259)(124, 308259)(125, 308259)(126, 308259)(127, 308259)(128, 308259)(129, 308259)(130, 308259)(131, 308259)(132, 308259)(133, 308259)(134, 308259)(135, 308259)(136, 308259)(137, 308259)(138, 308259)(139, 308259)(140, 308259)(141, 308259)(142, 308259)(143, 308259)(144, 307640)(145, 307640)(146, 307640)(147, 307640)(148, 307640)(149, 307640)(150, 307640)(151, 307640)(152, 307640)(153, 307640)(154, 307640)(155, 307640)(156, 307640)(157, 307640)(158, 307640)(159, 307640)(160, 307640)(161, 307640)(162, 307640)(163, 307640)(164, 307640)(165, 307640)(166, 307640)(167, 307640)(168, 307640)(169, 307640)(170, 307640)(171, 307640)(172, 307640)(173, 307640)(174, 307640)(175, 307640)(176, 307640)(177, 307640)(178, 307640)(179, 307640)(180, 307640)(181, 307640)(182, 307640)(183, 307640)(184, 307640)(185, 307640)(186, 307640)(187, 307640)(188, 307640)(189, 307640)(190, 307640)(191, 307640)(192, 307640)(193, 303185)(194, 303185)(195, 303185)(196, 303185)(197, 303185)(198, 303185)(199, 303185)(200, 303185)(201, 301348)(202, 301348)(203, 301348)(204, 301348)(205, 301348)(206, 301348)(207, 301348)(208, 301348)(209, 301348)(210, 301348)(211, 301348)(212, 301348)(213, 301348)(214, 301348)(215, 301348)(216, 301348)(217, 301348)(218, 301348)(219, 301348)(220, 301348)(221, 301348)(222, 301348)(223, 301348)(224, 301348)(225, 301348)(226, 301348)(227, 301348)(228, 301348)(229, 301348)(230, 301348)(231, 301348)(232, 301348)(233, 297718)(234, 297718)(235, 297718)(236, 297718)(237, 297718)(238, 297718)(239, 297718)(240, 297718)(241, 297718)(242, 297718)(243, 297718)(244, 297718)(245, 297718)(246, 297718)(247, 297718)(248, 297718)(249, 297718)(250, 297718)(251, 297718)(252, 297718)(253, 297718)(254, 297718)(255, 297718)(256, 297718)(257, 297718)(258, 297718)(259, 297718)(260, 297718)(261, 297718)(262, 297718)(263, 297718)(264, 297718)(265, 297718)(266, 297718)(267, 297718)(268, 297718)(269, 297718)(270, 297718)(271, 297718)(272, 297718)(273, 297718)(274, 297718)(275, 297718)(276, 297718)(277, 297718)(278, 297718)(279, 297718)(280, 297718)(281, 297718)(282, 297718)(283, 297718)(284, 297718)(285, 297718)(286, 297718)(287, 297718)(288, 297718)(289, 297718)(290, 297718)(291, 297718)(292, 297718)(293, 297718)(294, 297718)(295, 297718)(296, 297718)(297, 297718)(298, 297718)(299, 297718)(300, 297718)(301, 297718)(302, 297718)(303, 297718)(304, 297718)(305, 297718)(306, 297718)(307, 297718)(308, 297718)(309, 297718)(310, 297718)(311, 297718)(312, 297718)(313, 297718)(314, 297718)(315, 297718)(316, 297718)(317, 297718)(318, 297718)(319, 297718)(320, 297718)(321, 297718)(322, 297718)(323, 297718)(324, 297718)(325, 297718)(326, 297718)(327, 297718)(328, 297718)(329, 297718)(330, 297718)(331, 297718)(332, 297718)(333, 297718)(334, 297718)(335, 297718)(336, 297718)(337, 297718)(338, 297718)(339, 297718)(340, 297718)(341, 297718)(342, 297718)(343, 297718)(344, 297718)(345, 297718)(346, 297718)(347, 297718)(348, 297718)(349, 297718)(350, 297718)(351, 297718)(352, 297718)(353, 297718)(354, 297718)(355, 297718)(356, 297718)(357, 297718)(358, 297718)(359, 297718)(360, 297718)(361, 297718)(362, 297718)(363, 297718)(364, 297718)(365, 297718)(366, 297718)(367, 297718)(368, 297718)(369, 297718)(370, 297718)(371, 297718)(372, 297718)(373, 297718)(374, 297718)(375, 297718)(376, 297718)(377, 297718)(378, 297718)(379, 297718)(380, 297718)(381, 297718)(382, 297718)(383, 297718)(384, 297718)(385, 297718)(386, 297718)(387, 297718)(388, 297718)(389, 297718)(390, 297718)(391, 297718)(392, 297718)(393, 297718)(394, 297718)(395, 297718)(396, 297718)(397, 297718)(398, 297718)(399, 297718)(400, 297718)(401, 297718)(402, 297718)(403, 297718)(404, 297718)(405, 297718)(406, 297718)(407, 297718)(408, 297718)(409, 297718)(410, 297718)(411, 297718)(412, 297718)(413, 297718)(414, 297718)(415, 297718)(416, 297718)(417, 297718)(418, 297718)(419, 297718)(420, 297718)(421, 297718)(422, 297718)(423, 297718)(424, 297718)(425, 297718)(426, 297718)(427, 297718)(428, 297718)(429, 297718)(430, 297718)(431, 297718)(432, 297718)(433, 297718)(434, 289575)(435, 289575)(436, 289575)(437, 289575)(438, 289575)(439, 289575)(440, 289575)(441, 289575)(442, 289575)(443, 289575)(444, 289575)(445, 289575)(446, 289575)(447, 289575)(448, 289575)(449, 289575)(450, 289575)(451, 289575)(452, 289575)(453, 289575)(454, 289575)(455, 289575)(456, 289575)(457, 289575)(458, 289575)(459, 289575)(460, 289575)(461, 289575)(462, 289575)(463, 289575)(464, 289575)(465, 289575)(466, 289575)(467, 289575)(468, 289575)(469, 289575)(470, 289575)(471, 289575)(472, 289575)(473, 289575)(474, 289575)(475, 289575)(476, 289575)(477, 289575)(478, 289575)(479, 289575)(480, 289575)(481, 289575)(482, 289575)(483, 289575)(484, 289575)(485, 289575)(486, 289575)(487, 289575)(488, 289575)(489, 289575)(490, 289575)(491, 289575)(492, 289575)(493, 289575)(494, 289575)(495, 289575)(496, 289575)(497, 289575)(498, 289575)(499, 289575)(500, 289575)(501, 289575)(502, 289575)(503, 289575)(504, 289575)(505, 289575)(506, 289575)(507, 289575)(508, 274576)(509, 274576)(510, 274576)(511, 274576)(512, 274576)(513, 274576)(514, 274576)(515, 274576)(516, 274576)(517, 274576)(518, 274576)(519, 274576)(520, 274576)(521, 274576)(522, 274576)(523, 274576)(524, 274576)(525, 274576)(526, 274576)(527, 274576)(528, 274576)(529, 274576)(530, 274576)(531, 274576)(532, 274576)(533, 274576)(534, 274576)(535, 274576)(536, 274576)(537, 274576)(538, 274576)(539, 274576)(540, 274576)(541, 274576)(542, 274576)(543, 274576)(544, 274576)(545, 274576)(546, 274576)(547, 274576)(548, 274576)(549, 274576)(550, 274576)(551, 274576)(552, 274576)(553, 274576)(554, 274576)(555, 274576)(556, 274576)(557, 274576)(558, 274576)(559, 274576)(560, 274576)(561, 274576)(562, 274576)(563, 274576)(564, 274576)(565, 274576)(566, 274576)(567, 274576)(568, 274576)(569, 274576)(570, 274576)(571, 274576)(572, 274576)(573, 274576)(574, 274576)(575, 274576)(576, 274576)(577, 274576)(578, 274576)(579, 274576)(580, 274576)(581, 274576)(582, 274576)(583, 274576)(584, 274576)(585, 274576)(586, 274576)(587, 274576)(588, 274576)(589, 274576)(590, 274576)(591, 274576)(592, 274576)(593, 274576)(594, 274576)(595, 274576)(596, 274576)(597, 274576)(598, 274576)(599, 274576)(600, 274576)(601, 274576)(602, 274576)(603, 274576)(604, 274576)(605, 274576)(606, 274576)(607, 274576)(608, 274576)(609, 274576)(610, 274576)(611, 274576)(612, 274576)(613, 274576)(614, 274576)(615, 274576)(616, 274576)(617, 274576)(618, 274576)(619, 274576)(620, 274576)(621, 274576)(622, 274576)(623, 274576)(624, 274576)(625, 274576)(626, 274576)(627, 274576)(628, 274576)(629, 274576)(630, 274576)(631, 274576)(632, 274576)(633, 274576)(634, 274576)(635, 274576)(636, 274576)(637, 274576)(638, 274576)(639, 274576)(640, 274576)(641, 274576)(642, 274576)(643, 274576)(644, 274576)(645, 274576)(646, 274576)(647, 274576)(648, 274576)(649, 274576)(650, 274576)(651, 274576)(652, 274576)(653, 274576)(654, 274576)(655, 274576)(656, 274576)(657, 274576)(658, 274576)(659, 274576)(660, 274576)(661, 274576)(662, 274576)(663, 274576)(664, 274576)(665, 274576)(666, 274576)(667, 274576)(668, 274576)(669, 274576)(670, 274576)(671, 274576)(672, 274576)(673, 274576)(674, 274576)(675, 274576)(676, 274576)(677, 274576)(678, 274576)(679, 274576)(680, 274576)(681, 274576)(682, 274576)(683, 274576)(684, 274576)(685, 274576)(686, 274576)(687, 274576)(688, 274576)(689, 274576)(690, 274576)(691, 274576)(692, 274576)(693, 274576)(694, 274576)(695, 273721)(696, 273721)(697, 273721)(698, 273721)(699, 273721)(700, 273721)(701, 273721)(702, 273721)(703, 273721)(704, 273721)(705, 273721)(706, 273721)(707, 273721)(708, 273721)(709, 271161)(710, 271161)(711, 271161)(712, 271161)(713, 271161)(714, 271161)(715, 271161)(716, 271161)(717, 271161)(718, 271161)(719, 271161)(720, 271161)(721, 271161)(722, 271161)(723, 271161)(724, 271161)(725, 271161)(726, 271161)(727, 271161)(728, 271161)(729, 271161)(730, 271161)(731, 271161)(732, 271161)(733, 271161)(734, 271161)(735, 271161)(736, 271161)(737, 271161)(738, 271161)(739, 271161)(740, 271161)(741, 271161)(742, 271161)(743, 271161)(744, 271161)(745, 271161)(746, 271161)(747, 271161)(748, 271161)(749, 271161)(750, 271161)(751, 271161)(752, 271161)(753, 271161)(754, 271161)(755, 271161)(756, 271161)(757, 271161)(758, 271161)(759, 271161)(760, 271161)(761, 271161)(762, 271161)(763, 271161)(764, 271161)(765, 271161)(766, 271161)(767, 271161)(768, 271161)(769, 271161)(770, 271161)(771, 271161)(772, 271161)(773, 271161)(774, 271161)(775, 271161)(776, 271161)(777, 271161)(778, 271161)(779, 271161)(780, 271161)(781, 271161)(782, 271161)(783, 271161)(784, 271161)(785, 271161)(786, 271161)(787, 271161)(788, 271161)(789, 271161)(790, 271161)(791, 271161)(792, 271161)(793, 271161)(794, 271161)(795, 271161)(796, 271161)(797, 271161)(798, 271161)(799, 271161)
TIME 145.64966368675232
