Initial solution fitness: 315948
Optimal solution: 203714
ITERATION 0
ITERATION 100
ITERATION 200
ITERATION 300
ITERATION 400
ITERATION 500
ITERATION 600
ITERATION 700
Final solution fitness: 281730
Iteracion: 800
Temp: 1.509677669076494e-15
(0, 315948)(1, 315948)(2, 315948)(3, 315948)(4, 315948)(5, 315948)(6, 315948)(7, 315948)(8, 315948)(9, 315948)(10, 315948)(11, 315948)(12, 315948)(13, 315948)(14, 315948)(15, 315948)(16, 315948)(17, 290031)(18, 290031)(19, 290031)(20, 290031)(21, 290031)(22, 290031)(23, 290031)(24, 290031)(25, 290031)(26, 290031)(27, 290031)(28, 290031)(29, 290031)(30, 290031)(31, 290031)(32, 290031)(33, 290031)(34, 290031)(35, 290031)(36, 290031)(37, 290031)(38, 290031)(39, 290031)(40, 290031)(41, 290031)(42, 290031)(43, 290031)(44, 290031)(45, 290031)(46, 290031)(47, 290031)(48, 290031)(49, 290031)(50, 290031)(51, 290031)(52, 290031)(53, 290031)(54, 290031)(55, 290031)(56, 290031)(57, 290031)(58, 290031)(59, 290031)(60, 290031)(61, 290031)(62, 290031)(63, 290031)(64, 290031)(65, 290031)(66, 290031)(67, 290031)(68, 290031)(69, 290031)(70, 290031)(71, 290031)(72, 290031)(73, 290031)(74, 290031)(75, 290031)(76, 290031)(77, 290031)(78, 290031)(79, 290031)(80, 290031)(81, 290031)(82, 290031)(83, 290031)(84, 290031)(85, 290031)(86, 290031)(87, 290031)(88, 290031)(89, 290031)(90, 290031)(91, 290031)(92, 290031)(93, 290031)(94, 290031)(95, 290031)(96, 290031)(97, 290031)(98, 290031)(99, 290031)(100, 290031)(101, 290031)(102, 290031)(103, 290031)(104, 290031)(105, 290031)(106, 290031)(107, 285388)(108, 285388)(109, 285388)(110, 285388)(111, 285388)(112, 285388)(113, 285388)(114, 285388)(115, 285388)(116, 285388)(117, 285388)(118, 285388)(119, 285388)(120, 285388)(121, 285388)(122, 285388)(123, 285388)(124, 285388)(125, 285388)(126, 285388)(127, 285388)(128, 285388)(129, 285388)(130, 285388)(131, 285388)(132, 285388)(133, 285388)(134, 285388)(135, 285388)(136, 285388)(137, 285388)(138, 285388)(139, 285388)(140, 285388)(141, 285388)(142, 285388)(143, 285388)(144, 285388)(145, 285388)(146, 285388)(147, 285388)(148, 285388)(149, 285388)(150, 285388)(151, 285388)(152, 285388)(153, 285388)(154, 285388)(155, 285388)(156, 285388)(157, 285388)(158, 285388)(159, 285388)(160, 285388)(161, 285388)(162, 285388)(163, 285388)(164, 285388)(165, 285388)(166, 285388)(167, 285388)(168, 285388)(169, 285388)(170, 285388)(171, 285388)(172, 285388)(173, 285388)(174, 285388)(175, 285388)(176, 285388)(177, 285388)(178, 285388)(179, 285388)(180, 285388)(181, 285388)(182, 285388)(183, 285388)(184, 285388)(185, 285388)(186, 285388)(187, 285388)(188, 285388)(189, 285388)(190, 285388)(191, 285388)(192, 285388)(193, 285388)(194, 285388)(195, 285388)(196, 285388)(197, 285388)(198, 285388)(199, 285388)(200, 285388)(201, 285388)(202, 285388)(203, 285388)(204, 285388)(205, 285388)(206, 285388)(207, 285388)(208, 285388)(209, 285388)(210, 285388)(211, 285388)(212, 285388)(213, 285388)(214, 285388)(215, 285388)(216, 285388)(217, 285388)(218, 285388)(219, 285388)(220, 285388)(221, 285388)(222, 285388)(223, 285388)(224, 285388)(225, 285388)(226, 285388)(227, 285388)(228, 285388)(229, 285388)(230, 285388)(231, 285388)(232, 285388)(233, 285388)(234, 285388)(235, 285388)(236, 285388)(237, 285388)(238, 285388)(239, 285388)(240, 285388)(241, 285388)(242, 285388)(243, 285388)(244, 285388)(245, 285388)(246, 285388)(247, 285388)(248, 285388)(249, 285388)(250, 285388)(251, 285388)(252, 285388)(253, 285388)(254, 285388)(255, 285388)(256, 285388)(257, 285388)(258, 285388)(259, 285388)(260, 285388)(261, 285388)(262, 285388)(263, 285388)(264, 285388)(265, 285388)(266, 285388)(267, 285388)(268, 285388)(269, 285388)(270, 285388)(271, 285388)(272, 285388)(273, 285388)(274, 285388)(275, 285388)(276, 285388)(277, 285388)(278, 285388)(279, 285388)(280, 285388)(281, 285388)(282, 285388)(283, 285388)(284, 285388)(285, 285388)(286, 285388)(287, 285388)(288, 285388)(289, 285388)(290, 285388)(291, 285388)(292, 285388)(293, 285388)(294, 285388)(295, 285388)(296, 285388)(297, 285388)(298, 285388)(299, 285388)(300, 285388)(301, 285388)(302, 285388)(303, 285388)(304, 285388)(305, 285388)(306, 285388)(307, 285388)(308, 285388)(309, 285388)(310, 285388)(311, 285388)(312, 285388)(313, 285388)(314, 285388)(315, 285388)(316, 285388)(317, 285388)(318, 285388)(319, 285388)(320, 285388)(321, 285388)(322, 285388)(323, 285388)(324, 285388)(325, 285388)(326, 285388)(327, 285388)(328, 285388)(329, 285388)(330, 285388)(331, 285388)(332, 285388)(333, 285388)(334, 285388)(335, 285388)(336, 285388)(337, 285388)(338, 285388)(339, 285388)(340, 285388)(341, 285388)(342, 285388)(343, 285388)(344, 285388)(345, 285388)(346, 285388)(347, 285388)(348, 285388)(349, 285388)(350, 285388)(351, 285388)(352, 285388)(353, 285388)(354, 285388)(355, 285388)(356, 285388)(357, 285388)(358, 285388)(359, 285388)(360, 285388)(361, 285388)(362, 285388)(363, 285388)(364, 285388)(365, 285388)(366, 285388)(367, 285388)(368, 285388)(369, 285388)(370, 285388)(371, 285388)(372, 285388)(373, 285388)(374, 285388)(375, 285388)(376, 285388)(377, 285388)(378, 285388)(379, 285388)(380, 285388)(381, 285388)(382, 285388)(383, 285388)(384, 285388)(385, 285388)(386, 285388)(387, 285388)(388, 285388)(389, 285388)(390, 285388)(391, 285388)(392, 285388)(393, 285388)(394, 285388)(395, 285388)(396, 285388)(397, 285388)(398, 285388)(399, 285388)(400, 285388)(401, 285388)(402, 285388)(403, 285388)(404, 285388)(405, 285388)(406, 285388)(407, 285388)(408, 285388)(409, 285388)(410, 285388)(411, 285388)(412, 285388)(413, 285388)(414, 285388)(415, 285388)(416, 285388)(417, 285388)(418, 285388)(419, 285388)(420, 285388)(421, 285388)(422, 285388)(423, 285388)(424, 285388)(425, 285388)(426, 285388)(427, 285388)(428, 285388)(429, 285388)(430, 285388)(431, 285388)(432, 285388)(433, 285388)(434, 285388)(435, 285388)(436, 285388)(437, 285388)(438, 285388)(439, 285388)(440, 285388)(441, 285388)(442, 285388)(443, 285388)(444, 285388)(445, 285388)(446, 285388)(447, 285388)(448, 285388)(449, 285388)(450, 285388)(451, 285388)(452, 285388)(453, 285388)(454, 285388)(455, 285388)(456, 285388)(457, 285388)(458, 285388)(459, 285388)(460, 285388)(461, 285388)(462, 285388)(463, 285388)(464, 285388)(465, 285388)(466, 285388)(467, 285388)(468, 285388)(469, 285388)(470, 285388)(471, 285388)(472, 285388)(473, 285388)(474, 285388)(475, 285388)(476, 285388)(477, 285388)(478, 285388)(479, 285388)(480, 285388)(481, 285388)(482, 285388)(483, 285388)(484, 285388)(485, 285388)(486, 285388)(487, 285388)(488, 285388)(489, 285388)(490, 285388)(491, 285388)(492, 285388)(493, 285388)(494, 285388)(495, 285388)(496, 285388)(497, 285388)(498, 285388)(499, 285388)(500, 285388)(501, 285388)(502, 285388)(503, 285388)(504, 285388)(505, 285388)(506, 285388)(507, 285388)(508, 285388)(509, 285388)(510, 285388)(511, 285388)(512, 285388)(513, 285388)(514, 285388)(515, 285388)(516, 285388)(517, 285388)(518, 285388)(519, 285388)(520, 285388)(521, 285388)(522, 285388)(523, 285388)(524, 285388)(525, 285388)(526, 285388)(527, 285388)(528, 285388)(529, 285388)(530, 285388)(531, 285388)(532, 285388)(533, 285388)(534, 285388)(535, 285388)(536, 285388)(537, 285388)(538, 285388)(539, 285388)(540, 285388)(541, 285388)(542, 285388)(543, 285388)(544, 285388)(545, 285388)(546, 285388)(547, 285388)(548, 285388)(549, 285388)(550, 285388)(551, 285388)(552, 285388)(553, 285388)(554, 285388)(555, 285388)(556, 285388)(557, 285388)(558, 285388)(559, 285388)(560, 285388)(561, 285388)(562, 285388)(563, 285388)(564, 285388)(565, 285388)(566, 285388)(567, 285388)(568, 285388)(569, 285388)(570, 285388)(571, 285388)(572, 285388)(573, 285388)(574, 285388)(575, 285388)(576, 285388)(577, 285388)(578, 285388)(579, 285388)(580, 285388)(581, 285388)(582, 285388)(583, 285388)(584, 285388)(585, 285388)(586, 285388)(587, 285388)(588, 285388)(589, 285388)(590, 285388)(591, 285388)(592, 285388)(593, 285388)(594, 285388)(595, 285388)(596, 285388)(597, 285388)(598, 285388)(599, 285388)(600, 285388)(601, 285388)(602, 285388)(603, 285388)(604, 285388)(605, 285388)(606, 285388)(607, 285388)(608, 285388)(609, 285388)(610, 285388)(611, 285388)(612, 285388)(613, 285388)(614, 285388)(615, 285388)(616, 285388)(617, 285388)(618, 285388)(619, 285388)(620, 285388)(621, 285388)(622, 285388)(623, 285388)(624, 285388)(625, 285388)(626, 285388)(627, 285388)(628, 285388)(629, 285388)(630, 285388)(631, 285388)(632, 285388)(633, 285388)(634, 285388)(635, 285388)(636, 285388)(637, 285388)(638, 285388)(639, 285388)(640, 285388)(641, 285388)(642, 285388)(643, 285388)(644, 285388)(645, 285388)(646, 285388)(647, 285388)(648, 285388)(649, 285388)(650, 285388)(651, 285388)(652, 285388)(653, 285388)(654, 285388)(655, 285388)(656, 285388)(657, 285388)(658, 285388)(659, 285388)(660, 285388)(661, 285388)(662, 285388)(663, 285388)(664, 285388)(665, 285388)(666, 285388)(667, 285388)(668, 285388)(669, 285388)(670, 285388)(671, 285388)(672, 285388)(673, 285388)(674, 285388)(675, 285388)(676, 285388)(677, 285388)(678, 285388)(679, 285388)(680, 285388)(681, 285388)(682, 285388)(683, 285388)(684, 285388)(685, 285388)(686, 285388)(687, 285388)(688, 285388)(689, 285388)(690, 285388)(691, 285388)(692, 285388)(693, 281730)(694, 281730)(695, 281730)(696, 281730)(697, 281730)(698, 281730)(699, 281730)(700, 281730)(701, 281730)(702, 281730)(703, 281730)(704, 281730)(705, 281730)(706, 281730)(707, 281730)(708, 281730)(709, 281730)(710, 281730)(711, 281730)(712, 281730)(713, 281730)(714, 281730)(715, 281730)(716, 281730)(717, 281730)(718, 281730)(719, 281730)(720, 281730)(721, 281730)(722, 281730)(723, 281730)(724, 281730)(725, 281730)(726, 281730)(727, 281730)(728, 281730)(729, 281730)(730, 281730)(731, 281730)(732, 281730)(733, 281730)(734, 281730)(735, 281730)(736, 281730)(737, 281730)(738, 281730)(739, 281730)(740, 281730)(741, 281730)(742, 281730)(743, 281730)(744, 281730)(745, 281730)(746, 281730)(747, 281730)(748, 281730)(749, 281730)(750, 281730)(751, 281730)(752, 281730)(753, 281730)(754, 281730)(755, 281730)(756, 281730)(757, 281730)(758, 281730)(759, 281730)(760, 281730)(761, 281730)(762, 281730)(763, 281730)(764, 281730)(765, 281730)(766, 281730)(767, 281730)(768, 281730)(769, 281730)(770, 281730)(771, 281730)(772, 281730)(773, 281730)(774, 281730)(775, 281730)(776, 281730)(777, 281730)(778, 281730)(779, 281730)(780, 281730)(781, 281730)(782, 281730)(783, 281730)(784, 281730)(785, 281730)(786, 281730)(787, 281730)(788, 281730)(789, 281730)(790, 281730)(791, 281730)(792, 281730)(793, 281730)(794, 281730)(795, 281730)(796, 281730)(797, 281730)(798, 281730)(799, 281730)
TIME 161.88174033164978
