Initial solution fitness: 315948
Optimal solution: 203714
ITERATION 0
ITERATION 100
ITERATION 200
ITERATION 300
ITERATION 400
ITERATION 500
ITERATION 600
ITERATION 700
Final solution fitness: 270510
Iteracion: 800
Temp: 1.5096776690764922e-14
(0, 315948)(1, 315948)(2, 315948)(3, 315948)(4, 315948)(5, 315948)(6, 315948)(7, 315948)(8, 315948)(9, 315948)(10, 315948)(11, 323047)(12, 323047)(13, 323047)(14, 323047)(15, 323047)(16, 323047)(17, 323047)(18, 330367)(19, 320791)(20, 320791)(21, 320791)(22, 320791)(23, 320791)(24, 320791)(25, 320791)(26, 320791)(27, 320791)(28, 320791)(29, 320791)(30, 303567)(31, 303567)(32, 303567)(33, 303567)(34, 303567)(35, 303567)(36, 303567)(37, 303567)(38, 303567)(39, 303567)(40, 303567)(41, 303567)(42, 303567)(43, 303567)(44, 303567)(45, 303567)(46, 303567)(47, 303567)(48, 303567)(49, 303567)(50, 303567)(51, 303567)(52, 303567)(53, 303567)(54, 303567)(55, 303567)(56, 303567)(57, 303567)(58, 303567)(59, 303567)(60, 303567)(61, 303567)(62, 303567)(63, 303567)(64, 303567)(65, 303567)(66, 303567)(67, 303567)(68, 303567)(69, 303567)(70, 303567)(71, 303567)(72, 303567)(73, 303567)(74, 303567)(75, 295404)(76, 295404)(77, 295404)(78, 295404)(79, 295404)(80, 295404)(81, 295404)(82, 295404)(83, 295404)(84, 295404)(85, 295404)(86, 295404)(87, 295404)(88, 295404)(89, 295404)(90, 295404)(91, 295404)(92, 295404)(93, 295404)(94, 295404)(95, 295404)(96, 295404)(97, 295404)(98, 295404)(99, 295404)(100, 295404)(101, 295404)(102, 295404)(103, 295404)(104, 295404)(105, 295404)(106, 295404)(107, 295404)(108, 295404)(109, 295404)(110, 295404)(111, 295404)(112, 295404)(113, 295404)(114, 295404)(115, 295404)(116, 295404)(117, 295404)(118, 295404)(119, 295404)(120, 295404)(121, 295404)(122, 295404)(123, 295404)(124, 295404)(125, 295404)(126, 295404)(127, 295404)(128, 295404)(129, 295404)(130, 295404)(131, 295404)(132, 295404)(133, 295404)(134, 290349)(135, 290349)(136, 290349)(137, 290349)(138, 290349)(139, 290349)(140, 290349)(141, 290349)(142, 290349)(143, 290349)(144, 290349)(145, 290349)(146, 290349)(147, 290349)(148, 290349)(149, 290349)(150, 282917)(151, 282917)(152, 282917)(153, 282917)(154, 282917)(155, 282917)(156, 282917)(157, 282917)(158, 282917)(159, 282917)(160, 282917)(161, 282917)(162, 282917)(163, 282917)(164, 282917)(165, 282917)(166, 282917)(167, 282917)(168, 282917)(169, 282917)(170, 282917)(171, 282917)(172, 282917)(173, 282917)(174, 282917)(175, 282917)(176, 282917)(177, 282917)(178, 282917)(179, 282917)(180, 282917)(181, 282917)(182, 282917)(183, 282917)(184, 282917)(185, 282917)(186, 272796)(187, 272796)(188, 272796)(189, 272796)(190, 272796)(191, 272796)(192, 272796)(193, 272796)(194, 272796)(195, 272796)(196, 272796)(197, 272796)(198, 272796)(199, 272796)(200, 272796)(201, 272796)(202, 272796)(203, 272796)(204, 272796)(205, 272796)(206, 272796)(207, 272796)(208, 272796)(209, 272796)(210, 272796)(211, 272796)(212, 272796)(213, 272796)(214, 272796)(215, 272796)(216, 272796)(217, 272796)(218, 272796)(219, 272796)(220, 272796)(221, 272796)(222, 272796)(223, 272796)(224, 272796)(225, 272796)(226, 272796)(227, 272796)(228, 272796)(229, 272796)(230, 272796)(231, 272796)(232, 272796)(233, 272796)(234, 272796)(235, 272796)(236, 272796)(237, 272796)(238, 272796)(239, 272796)(240, 272796)(241, 272796)(242, 272796)(243, 272796)(244, 272796)(245, 272796)(246, 272796)(247, 272796)(248, 272796)(249, 272796)(250, 272796)(251, 272796)(252, 272796)(253, 272796)(254, 272796)(255, 272796)(256, 272796)(257, 272796)(258, 272796)(259, 272796)(260, 272796)(261, 272796)(262, 272796)(263, 272796)(264, 272796)(265, 272796)(266, 272796)(267, 272796)(268, 272796)(269, 272796)(270, 272796)(271, 272796)(272, 272796)(273, 272796)(274, 272796)(275, 272796)(276, 272796)(277, 272796)(278, 272796)(279, 272796)(280, 272796)(281, 272796)(282, 272796)(283, 272796)(284, 272796)(285, 272796)(286, 272796)(287, 272796)(288, 272796)(289, 272796)(290, 272796)(291, 272796)(292, 272796)(293, 270683)(294, 270683)(295, 270683)(296, 270683)(297, 270683)(298, 270683)(299, 270683)(300, 270683)(301, 270683)(302, 270683)(303, 270683)(304, 270683)(305, 270683)(306, 270683)(307, 270683)(308, 270683)(309, 270683)(310, 270683)(311, 270683)(312, 270683)(313, 270683)(314, 270683)(315, 270683)(316, 270683)(317, 270683)(318, 270683)(319, 270683)(320, 270683)(321, 270683)(322, 270683)(323, 270683)(324, 270683)(325, 270683)(326, 270683)(327, 270683)(328, 270683)(329, 270683)(330, 270683)(331, 270683)(332, 270683)(333, 270683)(334, 270683)(335, 270683)(336, 270683)(337, 270683)(338, 270683)(339, 270683)(340, 270683)(341, 270683)(342, 270683)(343, 270683)(344, 270683)(345, 270683)(346, 270683)(347, 270683)(348, 270683)(349, 270683)(350, 270683)(351, 270683)(352, 270683)(353, 270683)(354, 270683)(355, 270683)(356, 270683)(357, 270683)(358, 270683)(359, 270683)(360, 270683)(361, 270683)(362, 270683)(363, 270683)(364, 270683)(365, 270683)(366, 270683)(367, 270683)(368, 270683)(369, 270683)(370, 270683)(371, 270683)(372, 270683)(373, 270683)(374, 270683)(375, 270683)(376, 270683)(377, 270683)(378, 270683)(379, 270683)(380, 270683)(381, 270683)(382, 270683)(383, 270683)(384, 270683)(385, 270683)(386, 270683)(387, 270683)(388, 270683)(389, 270683)(390, 270683)(391, 270683)(392, 270683)(393, 270683)(394, 270683)(395, 270683)(396, 270683)(397, 270683)(398, 270683)(399, 270683)(400, 270683)(401, 270683)(402, 270683)(403, 270683)(404, 270683)(405, 270683)(406, 270683)(407, 270683)(408, 270683)(409, 270683)(410, 270683)(411, 270683)(412, 270683)(413, 270683)(414, 270683)(415, 270683)(416, 270683)(417, 270683)(418, 270683)(419, 270683)(420, 270683)(421, 270683)(422, 270683)(423, 270683)(424, 270683)(425, 270683)(426, 270683)(427, 270683)(428, 270683)(429, 270683)(430, 270683)(431, 270683)(432, 270683)(433, 270683)(434, 270683)(435, 270683)(436, 270683)(437, 270683)(438, 270683)(439, 270683)(440, 270683)(441, 270683)(442, 270683)(443, 270683)(444, 270683)(445, 270683)(446, 270683)(447, 270683)(448, 270683)(449, 270683)(450, 270683)(451, 270683)(452, 270683)(453, 270683)(454, 270683)(455, 270683)(456, 270683)(457, 270683)(458, 270683)(459, 270683)(460, 270683)(461, 270683)(462, 270683)(463, 270683)(464, 270683)(465, 270683)(466, 270683)(467, 270683)(468, 270683)(469, 270683)(470, 270683)(471, 270683)(472, 270683)(473, 270683)(474, 270683)(475, 270683)(476, 270683)(477, 270683)(478, 270683)(479, 270683)(480, 270683)(481, 270683)(482, 270683)(483, 270683)(484, 270683)(485, 270683)(486, 270683)(487, 270683)(488, 270683)(489, 270683)(490, 270683)(491, 270683)(492, 270683)(493, 270683)(494, 270683)(495, 270683)(496, 270683)(497, 270683)(498, 270683)(499, 270683)(500, 270683)(501, 270683)(502, 270683)(503, 270683)(504, 270683)(505, 270683)(506, 270683)(507, 270683)(508, 270683)(509, 270683)(510, 270683)(511, 270683)(512, 270683)(513, 270683)(514, 270683)(515, 270683)(516, 270683)(517, 270683)(518, 270683)(519, 270683)(520, 270683)(521, 270683)(522, 270683)(523, 270683)(524, 270683)(525, 270683)(526, 270683)(527, 270683)(528, 270683)(529, 270683)(530, 270683)(531, 270683)(532, 270683)(533, 270683)(534, 270683)(535, 270683)(536, 270683)(537, 270683)(538, 270683)(539, 270683)(540, 270683)(541, 270683)(542, 270683)(543, 270683)(544, 270683)(545, 270683)(546, 270683)(547, 270683)(548, 270683)(549, 270683)(550, 270683)(551, 270683)(552, 270683)(553, 270683)(554, 270683)(555, 270683)(556, 270683)(557, 270683)(558, 270683)(559, 270683)(560, 270683)(561, 270683)(562, 270683)(563, 270683)(564, 270683)(565, 270683)(566, 270683)(567, 270683)(568, 270683)(569, 270683)(570, 270683)(571, 270683)(572, 270683)(573, 270683)(574, 270683)(575, 270683)(576, 270683)(577, 270683)(578, 270683)(579, 270683)(580, 270683)(581, 270683)(582, 270683)(583, 270683)(584, 270510)(585, 270510)(586, 270510)(587, 270510)(588, 270510)(589, 270510)(590, 270510)(591, 270510)(592, 270510)(593, 270510)(594, 270510)(595, 270510)(596, 270510)(597, 270510)(598, 270510)(599, 270510)(600, 270510)(601, 270510)(602, 270510)(603, 270510)(604, 270510)(605, 270510)(606, 270510)(607, 270510)(608, 270510)(609, 270510)(610, 270510)(611, 270510)(612, 270510)(613, 270510)(614, 270510)(615, 270510)(616, 270510)(617, 270510)(618, 270510)(619, 270510)(620, 270510)(621, 270510)(622, 270510)(623, 270510)(624, 270510)(625, 270510)(626, 270510)(627, 270510)(628, 270510)(629, 270510)(630, 270510)(631, 270510)(632, 270510)(633, 270510)(634, 270510)(635, 270510)(636, 270510)(637, 270510)(638, 270510)(639, 270510)(640, 270510)(641, 270510)(642, 270510)(643, 270510)(644, 270510)(645, 270510)(646, 270510)(647, 270510)(648, 270510)(649, 270510)(650, 270510)(651, 270510)(652, 270510)(653, 270510)(654, 270510)(655, 270510)(656, 270510)(657, 270510)(658, 270510)(659, 270510)(660, 270510)(661, 270510)(662, 270510)(663, 270510)(664, 270510)(665, 270510)(666, 270510)(667, 270510)(668, 270510)(669, 270510)(670, 270510)(671, 270510)(672, 270510)(673, 270510)(674, 270510)(675, 270510)(676, 270510)(677, 270510)(678, 270510)(679, 270510)(680, 270510)(681, 270510)(682, 270510)(683, 270510)(684, 270510)(685, 270510)(686, 270510)(687, 270510)(688, 270510)(689, 270510)(690, 270510)(691, 270510)(692, 270510)(693, 270510)(694, 270510)(695, 270510)(696, 270510)(697, 270510)(698, 270510)(699, 270510)(700, 270510)(701, 270510)(702, 270510)(703, 270510)(704, 270510)(705, 270510)(706, 270510)(707, 270510)(708, 270510)(709, 270510)(710, 270510)(711, 270510)(712, 270510)(713, 270510)(714, 270510)(715, 270510)(716, 270510)(717, 270510)(718, 270510)(719, 270510)(720, 270510)(721, 270510)(722, 270510)(723, 270510)(724, 270510)(725, 270510)(726, 270510)(727, 270510)(728, 270510)(729, 270510)(730, 270510)(731, 270510)(732, 270510)(733, 270510)(734, 270510)(735, 270510)(736, 270510)(737, 270510)(738, 270510)(739, 270510)(740, 270510)(741, 270510)(742, 270510)(743, 270510)(744, 270510)(745, 270510)(746, 270510)(747, 270510)(748, 270510)(749, 270510)(750, 270510)(751, 270510)(752, 270510)(753, 270510)(754, 270510)(755, 270510)(756, 270510)(757, 270510)(758, 270510)(759, 270510)(760, 270510)(761, 270510)(762, 270510)(763, 270510)(764, 270510)(765, 270510)(766, 270510)(767, 270510)(768, 270510)(769, 270510)(770, 270510)(771, 270510)(772, 270510)(773, 270510)(774, 270510)(775, 270510)(776, 270510)(777, 270510)(778, 270510)(779, 270510)(780, 270510)(781, 270510)(782, 270510)(783, 270510)(784, 270510)(785, 270510)(786, 270510)(787, 270510)(788, 270510)(789, 270510)(790, 270510)(791, 270510)(792, 270510)(793, 270510)(794, 270510)(795, 270510)(796, 270510)(797, 270510)(798, 270510)(799, 270510)
TIME 147.38159894943237
