Initial solution fitness: 315948
Optimal solution: 203714
ITERATION 0
ITERATION 100
ITERATION 200
ITERATION 300
ITERATION 400
ITERATION 500
ITERATION 600
ITERATION 700
Final solution fitness: 277805
Iteracion: 800
Temp: 2.9647603478999135e-75
(0, 315948)(1, 311620)(2, 311620)(3, 311620)(4, 311620)(5, 311620)(6, 311620)(7, 311620)(8, 311620)(9, 311620)(10, 311620)(11, 311620)(12, 311620)(13, 311620)(14, 311620)(15, 311620)(16, 311620)(17, 311620)(18, 311620)(19, 311620)(20, 311620)(21, 311620)(22, 311620)(23, 311620)(24, 311620)(25, 311620)(26, 311620)(27, 311620)(28, 311620)(29, 311620)(30, 311620)(31, 311620)(32, 311620)(33, 311620)(34, 311620)(35, 311620)(36, 311620)(37, 311620)(38, 311620)(39, 311620)(40, 311620)(41, 311620)(42, 311620)(43, 311620)(44, 311620)(45, 311620)(46, 311620)(47, 311620)(48, 311620)(49, 311620)(50, 311620)(51, 311620)(52, 311620)(53, 311620)(54, 311620)(55, 311620)(56, 311620)(57, 311620)(58, 311620)(59, 311620)(60, 311620)(61, 311620)(62, 311620)(63, 311620)(64, 310247)(65, 310247)(66, 310247)(67, 310247)(68, 310247)(69, 310247)(70, 310247)(71, 310247)(72, 310247)(73, 310247)(74, 310247)(75, 310247)(76, 310247)(77, 310247)(78, 310247)(79, 310247)(80, 310247)(81, 310247)(82, 310247)(83, 310247)(84, 310247)(85, 310247)(86, 310247)(87, 310247)(88, 310247)(89, 310247)(90, 310247)(91, 310247)(92, 310247)(93, 310247)(94, 310247)(95, 310247)(96, 310247)(97, 310247)(98, 310247)(99, 310247)(100, 310247)(101, 310247)(102, 310247)(103, 310247)(104, 310247)(105, 310247)(106, 310247)(107, 310247)(108, 310247)(109, 310247)(110, 310247)(111, 310247)(112, 310247)(113, 310247)(114, 310247)(115, 310247)(116, 310247)(117, 310247)(118, 310247)(119, 310247)(120, 310247)(121, 310247)(122, 310247)(123, 310247)(124, 310247)(125, 310247)(126, 310247)(127, 310247)(128, 310247)(129, 310247)(130, 310247)(131, 310247)(132, 310247)(133, 310247)(134, 310247)(135, 310247)(136, 310247)(137, 310247)(138, 310247)(139, 310247)(140, 308317)(141, 308317)(142, 308317)(143, 308317)(144, 298016)(145, 298016)(146, 298016)(147, 298016)(148, 298016)(149, 298016)(150, 298016)(151, 298016)(152, 298016)(153, 298016)(154, 298016)(155, 298016)(156, 298016)(157, 298016)(158, 298016)(159, 298016)(160, 298016)(161, 298016)(162, 298016)(163, 298016)(164, 298016)(165, 298016)(166, 298016)(167, 298016)(168, 298016)(169, 298016)(170, 298016)(171, 298016)(172, 298016)(173, 298016)(174, 298016)(175, 298016)(176, 298016)(177, 298016)(178, 298016)(179, 298016)(180, 298016)(181, 298016)(182, 298016)(183, 298016)(184, 298016)(185, 298016)(186, 298016)(187, 298016)(188, 298016)(189, 298016)(190, 298016)(191, 298016)(192, 298016)(193, 298016)(194, 298016)(195, 298016)(196, 298016)(197, 298016)(198, 298016)(199, 298016)(200, 298016)(201, 298016)(202, 298016)(203, 298016)(204, 298016)(205, 298016)(206, 298016)(207, 298016)(208, 298016)(209, 298016)(210, 298016)(211, 298016)(212, 298016)(213, 298016)(214, 298016)(215, 298016)(216, 298016)(217, 298016)(218, 298016)(219, 298016)(220, 298016)(221, 298016)(222, 298016)(223, 298016)(224, 298016)(225, 298016)(226, 298016)(227, 298016)(228, 286758)(229, 286758)(230, 286758)(231, 286758)(232, 286758)(233, 286758)(234, 286758)(235, 286758)(236, 286758)(237, 286758)(238, 286758)(239, 286758)(240, 286758)(241, 286758)(242, 286758)(243, 286758)(244, 286758)(245, 286758)(246, 286758)(247, 286758)(248, 286758)(249, 286758)(250, 286758)(251, 286758)(252, 286758)(253, 286758)(254, 286758)(255, 286758)(256, 286758)(257, 286758)(258, 282757)(259, 282757)(260, 282757)(261, 282757)(262, 282757)(263, 282757)(264, 282757)(265, 282757)(266, 282757)(267, 282757)(268, 282757)(269, 282757)(270, 282757)(271, 282757)(272, 282757)(273, 282757)(274, 282757)(275, 282757)(276, 282757)(277, 282757)(278, 282757)(279, 282757)(280, 282757)(281, 282757)(282, 282757)(283, 282757)(284, 282757)(285, 282757)(286, 282757)(287, 282757)(288, 282757)(289, 282757)(290, 282757)(291, 282757)(292, 282757)(293, 282757)(294, 282757)(295, 282757)(296, 282757)(297, 282757)(298, 282757)(299, 282757)(300, 282757)(301, 282757)(302, 282757)(303, 282757)(304, 282757)(305, 282757)(306, 282757)(307, 282757)(308, 282757)(309, 282757)(310, 282757)(311, 282757)(312, 282757)(313, 282757)(314, 282757)(315, 282757)(316, 282757)(317, 282757)(318, 282757)(319, 282757)(320, 282757)(321, 282757)(322, 282757)(323, 282757)(324, 282757)(325, 282757)(326, 282757)(327, 282757)(328, 282757)(329, 282757)(330, 282757)(331, 282757)(332, 282757)(333, 282757)(334, 282757)(335, 282757)(336, 282757)(337, 282757)(338, 282757)(339, 282757)(340, 282757)(341, 282757)(342, 282757)(343, 282757)(344, 282757)(345, 282757)(346, 282757)(347, 282757)(348, 282757)(349, 282757)(350, 282757)(351, 282757)(352, 282757)(353, 282757)(354, 282757)(355, 282757)(356, 282757)(357, 282757)(358, 282757)(359, 282757)(360, 282757)(361, 282757)(362, 282757)(363, 282757)(364, 282757)(365, 282757)(366, 282757)(367, 282757)(368, 282757)(369, 282757)(370, 282757)(371, 282757)(372, 282757)(373, 282757)(374, 282757)(375, 282757)(376, 282757)(377, 282757)(378, 282757)(379, 282757)(380, 282757)(381, 282757)(382, 282757)(383, 282757)(384, 282757)(385, 282757)(386, 282757)(387, 282757)(388, 282757)(389, 282757)(390, 282757)(391, 282757)(392, 282757)(393, 282757)(394, 282757)(395, 282757)(396, 282757)(397, 282757)(398, 282757)(399, 282757)(400, 282757)(401, 282757)(402, 282757)(403, 282757)(404, 282757)(405, 282757)(406, 282757)(407, 282757)(408, 282757)(409, 282757)(410, 282757)(411, 282757)(412, 282757)(413, 282757)(414, 282757)(415, 282757)(416, 282757)(417, 282757)(418, 282757)(419, 282757)(420, 282757)(421, 282757)(422, 282757)(423, 282757)(424, 282757)(425, 282757)(426, 282757)(427, 282757)(428, 282757)(429, 282757)(430, 282757)(431, 282757)(432, 282757)(433, 282757)(434, 282757)(435, 282757)(436, 282757)(437, 282757)(438, 282757)(439, 282757)(440, 282757)(441, 282757)(442, 282757)(443, 282757)(444, 282757)(445, 282757)(446, 282757)(447, 282757)(448, 282757)(449, 282757)(450, 282757)(451, 282757)(452, 282757)(453, 282757)(454, 282757)(455, 282757)(456, 282757)(457, 282757)(458, 282757)(459, 282757)(460, 282757)(461, 282757)(462, 282757)(463, 282757)(464, 282757)(465, 282757)(466, 282757)(467, 282757)(468, 282757)(469, 282757)(470, 282757)(471, 282757)(472, 282757)(473, 282757)(474, 282757)(475, 282757)(476, 282757)(477, 282757)(478, 282757)(479, 282757)(480, 282757)(481, 282757)(482, 282757)(483, 282757)(484, 282757)(485, 282757)(486, 282757)(487, 282757)(488, 282757)(489, 282757)(490, 282757)(491, 282757)(492, 282757)(493, 282757)(494, 282757)(495, 282648)(496, 282648)(497, 282648)(498, 282648)(499, 282648)(500, 282648)(501, 282648)(502, 282648)(503, 282648)(504, 282648)(505, 282648)(506, 282648)(507, 282648)(508, 282648)(509, 282648)(510, 282648)(511, 282648)(512, 282648)(513, 282648)(514, 282648)(515, 282648)(516, 282648)(517, 282648)(518, 282648)(519, 282648)(520, 282648)(521, 282648)(522, 282648)(523, 282010)(524, 282010)(525, 282010)(526, 282010)(527, 282010)(528, 282010)(529, 282010)(530, 282010)(531, 282010)(532, 282010)(533, 282010)(534, 282010)(535, 282010)(536, 282010)(537, 282010)(538, 282010)(539, 282010)(540, 282010)(541, 282010)(542, 282010)(543, 282010)(544, 282010)(545, 282010)(546, 282010)(547, 282010)(548, 282010)(549, 282010)(550, 282010)(551, 282010)(552, 282010)(553, 282010)(554, 282010)(555, 282010)(556, 282010)(557, 282010)(558, 282010)(559, 282010)(560, 282010)(561, 282010)(562, 282010)(563, 282010)(564, 282010)(565, 282010)(566, 282010)(567, 282010)(568, 282010)(569, 282010)(570, 282010)(571, 282010)(572, 282010)(573, 282010)(574, 282010)(575, 282010)(576, 282010)(577, 282010)(578, 282010)(579, 282010)(580, 282010)(581, 282010)(582, 282010)(583, 282010)(584, 282010)(585, 282010)(586, 282010)(587, 282010)(588, 282010)(589, 282010)(590, 281199)(591, 281199)(592, 281199)(593, 281199)(594, 281199)(595, 281199)(596, 281199)(597, 281199)(598, 281199)(599, 281199)(600, 281199)(601, 281199)(602, 281199)(603, 281199)(604, 281199)(605, 281199)(606, 281199)(607, 281199)(608, 281199)(609, 281199)(610, 281199)(611, 281199)(612, 281199)(613, 281199)(614, 281199)(615, 281199)(616, 281199)(617, 281199)(618, 281199)(619, 281199)(620, 281199)(621, 281199)(622, 281199)(623, 281199)(624, 281199)(625, 281199)(626, 281199)(627, 281199)(628, 281199)(629, 281199)(630, 281199)(631, 281199)(632, 281199)(633, 281199)(634, 281199)(635, 281199)(636, 281199)(637, 281199)(638, 281199)(639, 281199)(640, 281199)(641, 281199)(642, 281199)(643, 281199)(644, 281199)(645, 281199)(646, 281199)(647, 281199)(648, 281199)(649, 281199)(650, 281199)(651, 281199)(652, 281199)(653, 281199)(654, 281199)(655, 281199)(656, 281199)(657, 281199)(658, 281199)(659, 281199)(660, 281199)(661, 281199)(662, 281199)(663, 281199)(664, 281199)(665, 281199)(666, 281199)(667, 281199)(668, 281199)(669, 281199)(670, 281199)(671, 281199)(672, 281199)(673, 281199)(674, 281199)(675, 281199)(676, 281199)(677, 281199)(678, 281199)(679, 281199)(680, 281199)(681, 281199)(682, 281199)(683, 281199)(684, 281199)(685, 281199)(686, 281199)(687, 281199)(688, 281199)(689, 281199)(690, 281199)(691, 281199)(692, 281199)(693, 281199)(694, 281199)(695, 281199)(696, 281199)(697, 281199)(698, 281199)(699, 281199)(700, 281199)(701, 281199)(702, 281199)(703, 281199)(704, 281199)(705, 281199)(706, 281199)(707, 281199)(708, 281199)(709, 281199)(710, 281199)(711, 281199)(712, 281199)(713, 281199)(714, 281199)(715, 281199)(716, 281199)(717, 281199)(718, 281199)(719, 281199)(720, 281199)(721, 281199)(722, 281199)(723, 281199)(724, 281199)(725, 281199)(726, 281199)(727, 281199)(728, 281199)(729, 281199)(730, 281199)(731, 281199)(732, 281199)(733, 281199)(734, 281199)(735, 281199)(736, 281199)(737, 281199)(738, 281199)(739, 281199)(740, 281199)(741, 281199)(742, 281199)(743, 281199)(744, 281199)(745, 281199)(746, 281199)(747, 281199)(748, 281199)(749, 281199)(750, 281199)(751, 281199)(752, 281199)(753, 281199)(754, 281199)(755, 281199)(756, 281199)(757, 281199)(758, 281199)(759, 281199)(760, 277805)(761, 277805)(762, 277805)(763, 277805)(764, 277805)(765, 277805)(766, 277805)(767, 277805)(768, 277805)(769, 277805)(770, 277805)(771, 277805)(772, 277805)(773, 277805)(774, 277805)(775, 277805)(776, 277805)(777, 277805)(778, 277805)(779, 277805)(780, 277805)(781, 277805)(782, 277805)(783, 277805)(784, 277805)(785, 277805)(786, 277805)(787, 277805)(788, 277805)(789, 277805)(790, 277805)(791, 277805)(792, 277805)(793, 277805)(794, 277805)(795, 277805)(796, 277805)(797, 277805)(798, 277805)(799, 277805)
TIME 153.82435417175293
